10000
2 3 4 5 8 9 32 37 67 132 333 458 838 2853 8052
1 13 22 24 52 80 81 246 444 740 1502 2429 2453
1 57 65 348 4570 7994
1 6 10 17 159 475 1697 3940
1 7 15 20 797 1163 7036
4 25 149 4662
5 18 19 33 44 90 103 1411 5674 8470
1 11 14 28 77 377 5719
1 189 572 891 1437 4056
4 1276 1994 2342 8147
8 12 16 27 35 183 243 1923 5645
11 191 466 868 1101 2897 3133 4063 9075
2 23 39 60 95 361 411 1344 1421 3695 4142
8 29 42 110
5 535 1315
11 21 45 374 544 809 2204 4539 5759
4 31 692 738 780 1582 1819 2840 4469 9136
7 134 139 166 482 4910 5737
7 51 120 126 185 297 511 834 1106 1667 5222 7356 9834
5 26 54 145 188 582 1107 3049
16 78 240 530 559 2938 4196 8771
2 88 245 2167 5977 7235
13 101 108 294 484 5561 9958
2 105 393 573 654 872 1922
6 34 41 50 140 167 187 1285 3348 4240 8060 8695
20 72 232 301 304 1803 2398 2621 4411
11 30 171 311 442 732 1853 6240
8 43 254 391 564 3119
14 53 55 127 499 861
27 76 94 1579 1881 3433
17 70 113 850 4601
1 158 176 517 2108 9689
7 40 74 890 1119 2322
25 181 204 225 2616 4348 7388
11 36 59 69 437 1770 4626
35 244 769 894 2273 2375 5467 5876 7733
1 38 56 71 241 252 486 2248 3323
37 220 4436
13 61 124 3984 5951
33 47 85 114 1029 1169 1222
25 75 79 251 1392 2892
14 83 339 900 2013
28 48 141 223 936 4452
7 46 82 162 172 238 498 686 1020
16 131 163 177 710 741 3578 5824
44 62 102 258 485 720 839 1147 1932 2910 3817 4119
40 58 195 603 1074 3605 4605
43 49 109 197 202 451 800 1164 3899 4727
48 268 548 1382 2296
25 99 115 262 721 1877 3330
19 66 104 203 239 282 742 743 770 1061 5624 5827 7177
2 358 510 2390 2676 4777 5901 7560
29 63 89 352
20 116 205 207 806 2070
29 1305 1393 3156
37 64 119 483 660 3232
3 117 200 314 1389 1693
47 781 1885 8021
35 73 248 461 779 787
13 68 87 121 160 379 4190 4906
39 851 1284
46 84 560 858 2265 8291
53 123 143 295 428 3918 4313
56 224 575 896 1130 3659 8993
3 269 638 664 803 1260 5267 6904
51 133 156 236 822
1 222
60 219 1195 1735 4151
35 118 170 175 226 500 892 1142 4533 8593
31 91 100 354 2209 7174
37 152 340 464 474 1508 4838
26 233
59 107 306 3103 3743
33 693 1818 3862 7682
41 86 607 630 3064
30 137 161 173 284 667 680 1336
8 112 128 583 791 6238
21 93 106 1800
41 96 3417 4180 4212 4898 7158 7428
2 213
2 198 533 2906
44 150 155
42 111 716 1926 3046 4814
62 1361 5241
40 135 6851 8030 8110
75 357 920 1044 4550
60 92 255 722 820 1045 1098 1863
22 265 390 432 668 1673 2868 2933
53 798 2465 4710
7 154 307 392 1032 2344 2534 6785
70 97 157 169 695 5847
87 310 563 1110 1268 2252 2443 2861 4784
78 193 292 338 1083
30 199 260
13 190 420 704 913 4957
79 365 1033 9947
91 98 211 1156 6568
97 2517 4161
50 350 422 674 905 1264 2557
70 412 2003
23 380 494 969 1830 6273 6299
46 1031 1604
7 1197 1296 1534 8173 9811
51 180 182 991 1214 2237
24 209 5371
78 208 818 914 1533 1635 4726
73 600 924 1006
23 129 313 3091 3451 6593
48 184
14 147 164 3190
83 122 632 986
77 315 423 505 522 1642 3355
31 165 288 296 859 1052 1490
40 264 1333 2371 2610
50 215 319 636 8502
54 272 407 540 8368
57 1603 9954
69 125 130 138 300 580 3007
56 867 5157 6884 9991
19 234 351 1007 1011 4491 5144 5933
60 1608 1916 2341 3613 4450 8070
111 931 3662 7110
63 168 469 1752 5915 9605
39 280 1724 2600 5076
118 151 153 229 345 2323 5499
19 277 312 1030 3184 4507
29 142 8274
77 136 227 341 449 493 1601 2201 2214 3563 4402
108 425 885
118 613 1036 1177 1216
45 148 646 1387 4599 5728
1 948
66 216 259 593 4474
18 196 279 516
85 363 678 1292 2409 5171
128 285
76 263
118 144 1357 4342 6442 8814 9358
18 386 884 3346
25 5517
43 1751
127 504 1342 4812 6825 6986
63 468 876 2253
138 146 217 438 824
20 329 622 1079 1312 2267
144 303 431 1298 1618 1953 8396
110 186 417 807 915 3708 4241
131 2732 2839
6 178 1205
82 606 1717 2520 2772 6795 9284 9542
125 247 762 3982
71 231 554 754 1014 5163 9206
125 604 1258 5190
90 395 401 3541
82 249 1481 2198
66 317 426 546
91 1251 2140 3175 4694 7281
32 192 1200 8027 8603
4 2619
60 2836 3868
76 355 585 666 3253
44 1219 1451 1975 3461 3936 4175 4416
45 1899 4245
110 330 1321 1941 7343
113 278 4163 6383
18 569 1087 1221 2873 7865
25 174 290 478 3937 5169 6907
123 291 681 928 1362 4139 8758
91
69 512 568 3015
27 878 3141 3766 7027 9066
44 457 2535
76 179 609 997
167 242 281 551 1272 1493 5381 9087
69 302 793 941 2202 2769 4685 5005
32 456 637 755 1111 1365 3273
45 261 309 982 1409 1931
149 1843
173 194 3616
104 1659 2911 4965 8157 8880
34 452 2586 3258
104 250 299 419 2725 5944
11 508 4016 6761
109 587 983 1427 3428
19 206 274 653 801 1279 2890 7962
147 447 4855
25 448 1436 9295
20 547 863 4047
9 237 521 1611
95 286 487 2404 4326
12 218 267 427
158 320 649 805 4093 5189 5661
93 201 2486 3351 5823
179 287 1692 2368 5868
47 305 383 1812 4981 5079
134 214 221 454 2568 3192 5912
48 230
81 328 360 367 655 1967 3319 5234 8822
94 212 784 1775 4090 5131
57 825
193 343 382 1140 2969 3779 6137
48 253 657 1640 2395 3421 4017
51
34 210 899 3032
54 1012 1465
185 621 902 1320 2186 2218 9865
54 479 502 895 985 1450 2094 4976
106 8319
105 235 271 293 298 342 353 2872 5008
204 955
97 1133 2757 4849 5544
199 257 446 1902
80 331 1134 1459 7251
196 369 3140 5327
115 376 719 1435 3022
133 921 2369 2982 3718
144 256 266 370 707 1614 6034 6209 9126 9151
191 567 5758 8275 9106
68 3789 8159 9852
38 430 436 737 4000 4037
196 394 1331 3361
67 228 326 2487 2996 7512
43 321 514 946 8581 9714
64 398 8654
34 337 455 1003 1102 1213 3715 4582
69 413 1790 3827 8688
128
222 1838 2334 3008 5509 7955
125 1661 2613 5866 8109
197 9006
152 616 1762
26 629 1927 6918
72 684 1150 3584 8352
120 9336
209 318 347 450 992 3957 4061 4763
66 628 3261
189 418 647 662 8448
44 571 993
51 429 767 1675 5078
21 273 289 2035
37 325 709 817 1327
174 415 525 904 3527 3612
11 4308 6407
36 463 3181 3684 4661 4836
22 2180 4423 5660
2 491 811 828 1592 2824 6697 8643
151 865 2773 3317 4173 6332
59 3304 6269
155 2345 2473 9970
182 1795 8382
41 7156
37 399 459 7617
202 1202 1942 2067 3975 6960 8398
28 534 1139
87 1518 2170 3444 6985
217 1777
212 316 332 715 1013
46 492 4197
133 275 334 364 389 424 1018 1126 8152
94 416 700 4340 6253 8231
177 366 3691 4622
50 962 1397 2124 3455 7241
137 308 1439 3347 6087 6368
114 372 642
88 270 323 1354
217 1550 6122
191 752 843 1712 2483 4242 5440
49 1022 9367
65
265 276 1428 4362 4690
209
116 922 1280
240 324 908
185 3427 4840 9109
259 443 711
270 844 1207 1561
126 1220
165 1196 1607
134 356
124 283 663 1057 1198 1235 2004 2111 2113 3148
174 1015 1224 3928
51 349 553 584 958 5117 7258
280 2129 2222 8004 8888
76 406 841 848
136 481 1449 1529
190 994
194 336 509 519 8782
113 2876 7815
240 937 2050 4852
167 403 1682 2792
168 845 3508
93 790 1004 8674 9397
209 5114 6885
23 322 633 1215 6846
63 440 1075 1396 1918 4741
113 335 375 6329
19 467 565 881 888 4600
209 408 594 837
182 2810 3365 5939
118 506 1165
26 445 2199 2408
175 344 388 688 1067 4104
146 327 576 2411 5442
26 1103 1381 1520 7573
195 439 1461 1552 3332 9254
73 462 2432 4543 5092 8242
90 631
263 414 1454 1589 4783
177 561 909 1488 5934 8589
92 538
27
126 507 602 862 1507 2647 3265
108 1670 6004
57
112
257 610 1894 3405 7618 9058
156 1444 3942 7553
235 2682 5300 8305 9989
115 1544 3869
192 435 2502
223 346 378 608 749 1329 2159 9830
294 526 2362 5276 5482
265 385 1485 5828
273 659 1446 3086 3359 3904
241 397 694 882 1122 1862 1906 3006 6811
222 541 3748 8309
303 615 1960
198 381 4376 4982
145 384 400 910 3059
164 497 2646 3083 7199
213 472 4113
257 2102 4642
1 979 2681 7726 8639
259 827 1353 4164 5282 5431 7369
296 371 634 772 1473 5535
287 362 1054
225 617 981 1625
93 480 775 879 4490
42 945 1734 1909 3621 4156 5479
71 1749 2351 3926 4053 4364
128 1092 2374
209 373 812 1772
201 2464
302 1430 3677 7126
125 7768
321 1442 2066 2672
235 2245 9785
3 421 524 536 1001 2082 2143 5420
282 577 1447 3274 5749 7828
99 359 2930
120 901 4499
53 495 648 1117 1558
209 1797 1859 9120
70 753 1073 1645 2431 3127 4451 7071
161 542 1038 1277 2797 4201 4219
279 368 6030
86 1363 2346 7151
52 658 1453 3313 4579
350 5367
198 717 1753 4721
13 883 3290 5952 6655
336 2415 5548 5681
135 3582 5958 6749 8785
259 4235
96 1835
261 402 1136 1945 5328 7773
198 601 727 1254 1940 2277 2666 9555
356 489 1378 1564 3683
214 2693 6831
217
335 718 4522 6767 8283
264 611 1546
342 4437 9373
16 1649
296 1895 6138
215 396 529 833 857
8 387 930 1179 4398 4933 7581
321 404 1380 1549
60 776 783 2743
101
328 503 579 5521
201 410 661 1373 3200 3963
195 434 1172 2714
329 3723
323 1460 2628 3509 7106 7173
139 691 2098 6867 7811
377 1313 3776 4081
302 2932 5352
259
88 1696 4419
28 623 777 5988
90 2462
24 1143 4029
221 2735 7085 7200 8948
154 748 1543 4829 6672
376 1325
325 2654
224 7612 9265 9267
252 4126 5237
329 405 1230 2617 2958
154
366 3271
290 1288 1962
378 409 598 1808 2673 9269
400 3851 4438
284 9912
116 706 765 786 1368
298 3506 6502
404 501 1707
382 473 665 1522 2107
13 702 1420 2000 6124 9071
100 539
226 555 934 1834 5582 6063 7903
308 570
242 1120 1153 4869 5395
260 789 3369 3931
147 515 586 854 1848 4788 4992 5415
237 5942 7344
182 705 2614 4317
95 687 2548 8784
348 1876
99
112 650 831 999
259 488 3938 5217
129 943 1627 2184 3262 8845
156 701 938 963 1720
191 1491 6536
63 612 911 1158 1820 2940 9617
239 441 1071 1467
220 433 566 696 1606
146 1316 1793 7171 8078 9445
88 477 1226 1273 1990 5329
430 465 1008 1722 7350
383 1583 8961
320 1171 4158 6718
220 3074 6528 7285
35 2034
144 460 490 543 2194 6219
305 877 1840 4224
295 951 1630
429 1360 1750
27 471 744 1783 4797 6427
275
2 453 864 1048 7228 9312
301 713
212 552 644 1170
186 671 2763 7964 9354
187 1805 6860 8317
128 1489
235 1811
48 813 1739 3510
181 1920
444 4321 4630 4634 5722 6230 7017
196 750 1210 4718
225 3495
176 4057
172 2598 8669
1 588 730
252 726 7166 8714
438 496 513 558 592 2024 2084
59 614 1016
306 1832 3863
244 537 2078 4873 4917
71
433 470 1180 8866
12 1535 5436
297 942 2206 2827 3238
143 620
123 703 6829
465 1084 3589 4764
442 927
331 476 1829
410 599 7948
71 733 2803 5439 8901
4 545 697 792 1846
472 1568 1758 2527 3075 3203
432 625 2455 9732
167 3321 8341 8547
207 1297 2020 3220 5763 6113
338 1374 1426 1643
285 527 2153 2729
18 746 7440
56 679 739 3726 5619
23 520
46 976 1602 1641 8487
37 590 766
190 735
424 995 1051 1415 2308 4463 5810 7890 9283 9698
368 840
438 774
246 562 1637 2669 5035 5425 9412
258
128 518 919
101 897
352 1112 1121 1431 4399 5057 6469 7286
460 2468 4089 6334
330 1243 5757
44 1412 1822
29 581 3913
69 557 1062
409 758 1010 4339
207 1823 7009 7987
381 528 1972 5716
142 574 846 1066 1419 1726 2330 3135 3674
112 605 643 645 1864 2476 3650 6340 7515
300 782 1096 1132 1166
312 656 1861 2135 7489 7600
183 523 641 6244 7128
287 3902
52 731 1634 2104 3366 7810
19 624 729 759
170 796 3191 3459
460 2936 9390
223 1890 2325 3446 4542 9210
417
134 531 1326 2884 3391 4868 5822 9466
32 1679 5450 7574
493 532 1025 4050 4120
287 596
484 4174
189 972 3205 8829 9815
112 685 1530
508 556 3394
348 1917 2566 3534 5355
242 676 4541
322 627 1309 2841
481 2778 3981
503 549 1638 2539 7063
376 2120 3117 5180 9768
21 672 830 7349
516 1575 7916
518 1154 8343
81 3160
254 1432 1562 6538
15
348
463
310 1173 1404 8590
412 1779 2366 4267 6450 8741
116 3671
326 635
355 870 4203 6776
438 2720 5843 5896
16 2039
475 589 591 1123 2333 8710
156 5102
188 2337 8122
49 597 819 1148 1267 3468 7088
528 550 747 5961
549 768 808
174 639 799 1406 1474 7909
446 2173
282 1176 3812
152 1539 1813 6611
413 964 2081 2207 2433 2771
523 675 2069 5384
500 669 751 1082 1466 4169 8354
460 1358 2047 2852 2882 7012 7468
21 699 725 1024 1265 1345 3622
62 7330 7932
309 2109 2276
491 640 690 2484 2786 3757
92 1232 2165 3727 4520 9809 9946
28 1028 2419 4198 4996
297 2843 3653 8537
430 852 1914 2976 3987
218 832 1089 5358
170 929 1956
166 595 925
414 1094 5922
238 3011 4686 6404
9 689 1740 4184
24 5288
504 578 626 1556
64 1405 1616 2021
303 1308 2379 9458
349 670 1866 1870 2863 3136
574 1046 1810 2335 3980 6843 8631
381 5730
118 1059 1621 3357
499 682 2493 3874 4815 9118
20 1310
77 1977 2856
282 2611 4904
161 835 856 1483 2724 3907 8523
417 795 1688 8213
184 970 5146 5412 7817
458 3211 4654 6957
545 760 957 1128 1332 3835
486 871 1144 2187 2304
545
460 3228 4908
133 1626 5111 7702
298 1551 3833 6302
569 7231
519 757 1676
548 1584 1952 3055 4841
404 4656 5946
473 2590 2737
107 2442 2446 2529 8445 9667
367 1759
312 2691
47 1343 6716
153 1991 3566 5564
505 967 1049 1513
150 1304 2027 2802 9270
75 619 1041 1131 1184 6648
321 698 2997 3453
173 734 5286 8862
316
372 2091 3159 5195 7626
428 673 728 764 6002
130 3312
461 1441 2730
327 1347 1590 4509
231 618 1348 1545 2063 4640 9168
337 712 1039 1506 5238 7449
616 869
607 771 1027 1086 1231 1244 2367
468 756 2182 2448 4942 9332
206 652 933 1511 1714
145 889 6720 7268 8871
391 956 2119 4428
511 918 1097 1486 6426
477 3286 3804
574 3540
526 1183 1416 1993 2532 4073 4349
236 952 1135 2386
232 821 898 1149 1946 2183 5498
75 3437
307 1037 1470 1527 1653
111 3098
294 2133
335 2515
541 886 2359
115 1355 1727 2923 3949 6297
176 651 5000
65 2008 4117 8713
551 2957 7294
562 873 3730 4761 6051
508 939 1376 1487 1628 9862
264 7092
505 1839 2310 2799
446 1227 7887
505 875 3590 3898 4489 6791
131 1306 1385
237 874 8337
352 836 1095 1239 1256 1901 2591 8743
192 1208 5495
423 1069
637 745 1833 3658 4552
621 2208
185 2777 2895 5139
24 940 1656 2477 3450
198 926
507 9174
202 1091 5373 7764 8664
358 3099
324 849 2705 5923
56 677 708
382 1744 2242 5066
237 816 4504 4725
280 1223
65 3893
410 935 3247 6292 7558 8300
161 847 1951 7723
76 804 3744
88 8061
557
577 736 1151 1566 1873 2215 2700
447 1191 6382 9516
530 1040 1948 2756 3773 8127
612 1496 2562 5553
99 7249
556 2229 5452 5723
525 683 1521 1806 4878 7623
660 2036 2505 6065 7120 7209
135 2688 3860
483 2528
76 1375 1648 1786 5565 8296 9202
168 2467
581 1402 1423 1842 2085 2232
676 2079
233 6454
522 1367 1754 8022
44 2612
420 4214
302 723 4137
572 802 1477 1691 3788
562 714 6841 7625
386 944 6497 6952 8376
17 1322 6211
74
325 1391 4070 8872
91 3412 4962 7961
430 4374 5667
475 949 1585 1597
608 1090 4785 5338
559 815 4058
260 5419
426 1523
411
469 1683 3407
95 1499
419 1480 1593 3608
407 724 1755 2752 3079 6339
217 1966 3847 3912 4296 7025 7211
660 794 971 1949 5010 8755
241 1141 1413 3983
45 974 2857 9776
275 1263 8659
617 966 996 1019 1253 2695 5184
445 4555
690 1742 1765 1915 3153 8088
257 1077 2461 3096
83 2808
360 1623 1655
371 1194 2990 6666
215 3821
46 906
50 8798 9757
87 6535
688 773 1211 8080
706 866 2150 2391 3109 5955 8544
559 763 980 1002 2255
459
367 4160
612 2171
511 965 1557 3630 6104
458 907
510 1109 8625
27 2009
474 2785
609 761
487 1237 5130 6251
670 1160
220 1175 1178 1911
17 788 1889 6564
483 1633 2994 4002 7076
2 785 1138 1257 2874
45 1704 2099 2314
51 4825 8752
51
442 1732 5183 7409
651 1302 3866
482 829 1152 1188 1283 1548 2046 5228 5696
549 1924 2547
395 1980 8723
321 5870
454 8224 8859
557 1849 9334
267 923 1100 1212 1674 1815 2284 4519 5478 6859
354 4372
152 3552
176 2926 3051 4217 6724
620 6085
596
501 2216 3020 4278
511 1064 2438
589 1826 2436 4271 5230
734 2728 2761 4110
151 1784 3387 4228
725 1471 2130 3134 4001 8686
612 1555 2087 2567 7829
407 1884
486 1261 1664
239 2800 4589
550 1026 1266 6754
36 6563
51 1662
619 1042
335 1000 1275 8262
723 3152 4675 4889
490 1238 5204
338 3416 4683 9145
379 778 1228
391 2960 8085
776 1225 3423
59 1821 2025
17 2394 4115 4176 5991 8420
58 3071 5363 5808 5852
506 987 1058 1124 4488 7175 7946
379 2947 3707 9088
199 823 977 1774 4098 8853
740 3126
407 954 2355 2651
59 810 853 1113 1875 6232 9298
738 1080 1192 4498
416 968 1072 2435 8306
292 880 989 3657 3717 6343
77 860 6610
475 5982
175 953 1418 1440 2233 2522 5199
708 7818 9716
586 814 2417 2472 3985 5089 5834
512 960 2139
5 1794 2292 2354 9875
89 2205 7826
551 7206
48 2332 9471
185 1104 1852 1900 5128
689 2083 3382
65 1137 2031
667 1955 3923 4900
192 1009 2601 3251
54 855 1334 1536 2093 2235 6198
147 9074
550
16 842
787
246 5455
342 947 1242 2188
451 2101 3660 4391
795 1199
699 2297
662 1680 6397 7671
241 2860 3607 4850
106 1108 1129 8742
548 826 4304 5765 6771 8930
87
629 1274 2512 3886
66 7883 8294
784 2719 6272 8702
144 1324 2137
200 4571
819 1475 5041
334 2663 4167
246 1330 2193 6248 7696
746 2807 7347 7769
530 2555 3081 3476 4903 4935 7203
423 4698
567 1517 1588 7163 9775
376 1845
19 1610 1860
585 1319 1814 2865 3434 3986
648 887 950 4393 6011 7045
298 2451 3469 3998
1 2256
46 2224 2250 2312 5807 9750
489 988 1021 1622 4246 6887 6936
284 1190 5030 6773
809 3398 3782 5929
267 1240 4152 5257
276 893 2065 6898 7513
291 1293 2815
504 1005 1478 5930 7357
666 1182 2316 2401
284 1043 1286 1576 1856 8679
659 5755
31 1472 3116 3208 8582 9073
61 1017 4717 7261
566 932 984 4043
787 1174 1186 2038 2564 3497 3501 3786 4133 4464 6390 8363
417 1204 2125 3145 3397
806 1619
585
376 5916
62 3952 6821 9081
113
791 916 2141 9713
29 1351 2503 3180 3618 5709
312 3535
188 1281 2259 3400
444
247 1781
724 1729 3056 3721
119 1162 2123 2896 4773 5200
12 1482 7237
618 1896 1965 2029 2605 3390 3669 9823
542 3207
590 1636 6676
24 2950 3826 9449
640 4099 9278
647 5794
645 1055 1394 2040 9111
143 975 3396 8011
439 1056 3632 7477
171 1609
338 961 4665
790 1317 2096 2100 2931 6220
297 2191
325 1816 2818 3331
361 1898 2219 2842
139 3189
129 1455 6234 9706
635 917 3299
836 1356 9046
297 912
622 1248 5449
33 1053 2092 4301 8321
9
69 1193 4250 6327
844 2363 8251
36 1398 2490 3474 4314
207 903 1888 6850
64 1715 3741 5878
494 1035 1605 9223
629 2228 2723 5290
204 4648 6321 6462
42
351 9932
206 1271 8522
895 1540 7242 9317
242 2286 7856
99 1689
720 1654 2356
730 1168 2829 3108 3676 4692 7939
273 1538 2954 6228
309
329 9380
428 959 2551 5124 6547
888 1318 3597
95 1328 1733
106 2608 3665 5469
147 3336 4621 6541
860
886
624 1189
493 1249 8316 9782
86 1457 9734 9773
216 1983
272 1785 2428
752 1525 2545
107 3830
569
655 1078
471 1181 1379 9602
168 4880
568 3002
377 1694
122 1721 7348
852 973 978 1725 4238 4862 6486
621 1081
413 2080 2268 4954
665 1047 1050 1349 1629
43 1422 4266
289 2145 4333 4945 6997
426 1116 2718 7731
641 1203 1335 1400 1624 6586 6921
654 7283 8873
175 4462
467 2158 2812 2986 5861
425 1099 2523 2875 6347 7354
691 2299 6178 8894
339 1157 1731
223 3679 4569 7931
812 7474 9974
132 4213 6378
697 2862
836
440 4617 8711
628
793 2244 3151 4816 6095
786 8226 8681
210 1587 3418 7550
623 2023 4588 9893
589 1825 7144 7758 8413
282
911 1307 5385
796 2269 4653
879 2500 8267
262 1586 2357 3009 6083 7296
426 2618 3445 3617 4236
555 1118 1463 1620 3245 4412 5345
729 1088 3784
712 1969 2556
605 1115 1484
789 1711
101 7879
587 5416 9464
708 998 1060 1206 6119 7028
521 2635 4990 5549
932
710 1076 6120
876 1155 2426 2891 3522 4745 7338
485 6388 9033
784 2074
932 1429 2434 7616
333 1127 1982
725 990 5007 7278
337 1269
177 1570 2014 7549 8736
184 1252 1799 5119
852 4986
207 4606
111 1023 2015 2596 4632
782 1201 1434 3234 4111 6506 9949
840 1767 2928
790
980 3555
104 2709
235 1093
238 2106 8335
286 1250 1407 7225 8227
488 2033 3876
712 1068
173 2396 5370 7180
971 1323
423 1658 5244
772 1370 4449
348 3603 5287
725 1063 1403 7239
225 1034 1399
292 1723
846 1125 6197
107 2064 6836
120 1105 2262 6894
433 6901 9634
805 1868
501 1567 1964 5881
120 1408 1554 6387
205 1167 1341 1468 1660 1666 1678 2247 5472
257 1646 8803
152 1410 1728 2828 3479 4425 6068
281 1300 1542 5434 8505
461 1371 7394
851 1458 4859 6950
259 1738 2399 4512 4811 8943
712 1065 4921
44
840
268 4387 5849 7967
986 1070 1503 2280
559 1390 1519 1571 2751 3053 3993 7849 8089
518 1085 2550 4666
768 1509 3795 3889
619 1364 6161 8721
564 2956 3706 4307 5013
40 1782
126 1979 2360 2699 2717 3362
102 1161 1929 3048
90 1217 1294
96
1003 1933 2105 3837
897
130 1492 5428
631 2326 4454
355
617 2361 2385 8676
672 1837 1947 3781 7904 9275
607 5926 6665
771 3408 7774
848 1337 1497 9796
86 1559
87 4254 5096 5362
578 4343 4443
935 3473 5615
444 1698 7221
605 1532
935 1255 2458 4493 5194
488
113 1383 1687
890 3681 5865
336 1798 4215
875 3972 7788
877 4033 4545 6192
280 5105
782 1599
580 3105
971 2282 2657 5511 7061
51
500 5652
1002 3284 4551 5242
759 1495 1807 3689
1019 1438 4368
504 8786 9678
302 2329 3404 4069
996 2389
650 3700
1023 3955 9863
429 2546 2866 3489
789 3816 6505 9497
354 1778 4804
47
295 1114 2388 4845 4946
974 2579
715 4125 5585
926
145 1246 1282
788
933 1234 2302
557 2157
93 3268 3960
470
1025 1476 2570 2678 4004
619 1295 9377
166 1681 6750 6888 8900
965 2636 2899 2971 3516
567 3924
698 2350 5879 8528
657 3761 4574
341
992 2291 2624 5520
570 1613 9644
648 1553 2790 4780
506
624 1185 2110 4297
87 2511
943 5687 5689 8652
752 1598 4331 8996
12
225 1494 8698
304 3530 6613
801 1936 7403 8108
1007 5378 9011
19 4544 5414 5489
20 2494
818 1657 2731 5206
731 1270
92 1968 3095 4729
176 1241 1757 4272 5556 6503
495 2339 4038 8186
787 5056
1075 1764 2380 6874
967 3848 4568 8601
938 1146
352 1443 1705 2588 3067 4602 8513 9263
964
33 2641
415 9383
495 2234 6301 9914
325 2813 6770
545 1469 3010 4714 9155
782
1005 1892 2826
259 1245 1369 5165
979 1145 5954 6995 9900
589 2260 3372 4380 9063
818 2210 5669
64 4614
607 6207 7470 8167
506 1580 1919 2871 3325
211 1577 1741 2132
213 2088 3324 3624
628 1338 1791 2249 2569 2637 6475
366 1504 2479 3143
803 1986 3930
740 6857
254 1159 2221
201 1339 5620
709 1897
69 1730 3439 4649 6806 6924 7160
393 4426 9117
590 1910
1127
1116 1187 2241 2833
46 1524 1578 3567 6878
548 1612
629
233
670 2953 3818 8158
746 2045 4925 9656
415 4265
532 1414 1925 3438 8518
975 5098 9754
97
945 2056
428 3765
1139 6384 9376
736 7705 7977 8293
1031 1236 1247 5857
867 1836 1883
5 1340 1359 2578 2858 6400 9806
48 1745 1904 4611 5063 6768
300 1303 1456 1479 2116 3787 5905 5940 6552
506 4458 5712
1012 7358
907
40 2160
446 1287 1756 5579 6328
435 3549
383 1233 9628
538 1278 4418 4540
853 3759
737 4441 7324
553 2675 9959
130 1563 1651 4020
737 3285 7135
377 1672 3652 6457 9827
465 1999 3792 6286 7954 9260 9723
927
847
627 1209 3122
607 6274 9524
1097
853 2649 3063 8230
1146 1401 3340 5754
746 1218 4253 4920
918 6439
841 1377 2652
671
788 3269 4264 4429
892 2075
718
68 2948
278 9586
103 1372 4289 9418
280 2710 4864 5798
814 4912 6516
158
987 1352 2303 2900 5767 6982 7653
253 2055 3212 3380
939 8942
854 2901 7480
149 1229 1424
971 2999
276 1262 1366 5501 8666
649 3113 4975
1183 2131 3640 5527 5742 6555
454 2089 5639
723 1996 2240
752
225 1644 1804 2026 2057 3236 3545 6150
104 1259 2748 3505 6202 6869 8539
294 2179
130 4312 6460
1032 1388
1188 5321 6381 9598
162 4810 6133
277 2217 3243 3554 3885
166
40 1702 1855 1867 3435 7627
663 3389 7878 9331
281 1874 2090 4414 6305
778 2117 3635
432 1417 2670
644 1311
776 2138 7290
1205 4562 9813
400 2086 5491
619 3237
563 5487
1172
1081 7153
280 4417 9138
1161 1301 1684 3287 3410
735 1290 7351 9929
774 1445 3606 5247 9682
648 9615
843 3484
1111 8176
812 1615 1708
497 1516 1695 2963 3144 4647
619 2615 4303 6055 8477
1126 4799
1079 2580 2609 6088
1161
889 3121 4532
919 2147
994 1858 4261
157
983 4054
712 2823 6146
367
1050
648
740 1452 6820
153 2127 6624
1214 1289 1652 2762 3246 4844 7058
65 2340
766
1207 1565 1669 1771 1787 1971 8572
711 2793
99
559 2869 3739
768 3941 4515 5496 8915
548 1433 5595 6167 7315
92
981 1299 2552 6114
1109 4103 8093
902
174 1600 5347 5949
432 6651
821 1789 1824 5818 6592
772 3146
10
355 1505 1788
1173 4019 6300
185 4958 7415
272 2582 5697
863
1079 1701 2989 5513 9883
746 6045 7345
61 5341
25 1573
848 8868
1170
403 1291 4216 5312
1259
1237 3349
1288
135 2381
845 2597 3240 3995 5045 6007 6293
1032 3729 8272
1086 2054 2437 2905 5750 6692
103 1746 2338 3165 3375 4334
479 3760
146 1709 1850 2052 2460 3596
1269 1314 2821
1015 1668 2549 5596 5621
1236
745
1165 1501 1921 8128
606 1891 2594 3128 3216 3507 3692 7805
55 2254 3129 4257 4875 6852 9979
646 4668
959 1743 2185 2485
576 1766 3850
526 2315
582
1227 4035 4413 6352
145 4036 6519
387 7050
1299 4327 6428
15 5626 6399
431 2274
880 1384 2701 4287
912 4977
835 1913 6182
206
164 2400 2603 2951 4007
692 1498 7379
998 1912 3267 3301 7073
824 1976 2979 8406
396 1639 2005
516 1998 2430
241 2011 5506
913 2195 8916 9010 9607
321
828 3887
221
589 2914 9725
114 2816
806 1350 2825 3028 3556 4208 5004
939
76 2965 3213 4817 8325
1043
1135 2514
1140 1386 8556
1163 7534
1012 1346 2788 3314
142 1537 4931
603 1595 3764
13 1817 2010 6171 9247
559
1341 1596 2655 3310 4822
615
616 5984 9110
935
1334 1710 6723
861 2177
1201 5471
334 8049
265 2753 4041 4980 5458
636 2151 2155 2922 3865
887 2136 2859 9172
138 1594 5325
558 2995
1163 3580
441 1448 1944 3879 5110
84
168 1650 1984 3911 5382 6787
357 3283 7170 9251
1027 1992 3248 6537
176 2041 2474 4593
1207
685
407 3569
1126 1395 2365
1000 4294 5167
1016 5302
1197 2543 6419
382 2834 9321
480 1939 2648 3082 8326
680
641 1974 2163 3000 3749 9867
1190 2639
368 6181
927 1464 1686 4635
378 3971
304 2561 4724
49 4481 5361 8165
1052 4658 4848
1317
646
1339 2061 2225 8075
131 6249
1217 3306
57 1510 2988 4023 4554
1024 1718 5671
694 1831
41
55 2226
875 2149 5135 9280
1369 2491 7450
295 3698
262 3031 3050 7667
894 2324 3093 5726 8527
1003 1526 1685 4051 5797 8329
939 2583
1187 7099
682 3120 4232
1002 1591 2706
538 1462 1531 7096 9199
575 2439 8001
551 1961
994 2071 6870 9508
1011 3430
177
1014 1699 3615 8509
7 1569 3298 4388 7640
498
709 4529
1154 1796 2945 4406 7047
488 2321 4769
627 1631 1841 5591
1226 3383
793 1706 2122 3101
504 5437 8086
411 1425 4998
13 2378 3532
936 2134 4587 5022 5152 5304
682
1205 6111
1420 3710
480 8767
184 1572 2285 3409 3642
270 6324
978
344 1515
495 1617 1827 4944 9472
534 5349 5388
1267 6118
987 2407 2702 3308 3841
215 7580
187 7779 9347
9 4022 6751
1065 2768 7346
263 3222 6511 6932
793 3440 3871 6946
614 2949 3171
346 1907
1117 1801 6022
317 1713 6153 6341
1238 1985
324 4851 5069
349 1560 4360 4834 6424 8605
1360 5108
285 1541 1581 2403 5959
207 2060 6144
162 4225 9488
1257 2377 5224
358 2022
308 4824
885 3990
1165 3316
920
1017 5665 5858
213 6307 8732
385 1737 5593
305 1512 2213 4461 5732
1404 1514
964 1528
1379 4818 5386
205 6759
557
429 8957
1012 1763 2223 2328 4200 7411 7562
1123
631 8630
763 7004 8403
850 4603 7568
335 2420 2606 3601 4071 5846
551 5032 6025 9652
826 7172
1085 2144 2885 3696
689 2154 3250 3838 6725 9765
846 1647 1978 2212 2320 4444
1165 9015
705 4211 5647 7097
155 2538
868 8500
585 2604 6949 7752
967
323 1500 3358
624 2278
641 2376 3457 6844
309 3187 5346 5354
449 1690 3648 6752
113 1574 4457
427 2924 5372
1036 4629 6532 7053
174 5256 5508
1102 2372 9653
1064 3341 4831 9343
673 3196 4306
1043 1903
1322 5053
704 1928 2307 3065 6152
1485 2200
1303 2037 2888
2 2806 5278
1023 2413 6544 9355
1136 2295 2373 9779
1277 7299 7589
617
312 2072 2112 4274
71 2271
1026 2804 4105 4693
1389 3166 5340
621 2384 4218 7710
1461 2172 2656 3206 9495
605 2750
1462
1430 3680
1243 2744 3703 5603
832 2510 8541
255 4347
1024
304
676 1719 5025
410 1671
701 4716
1147 2174 6379
923 3831 8137
1399 3475 4059 8783 9062
631 2849 6839
1463 3486
285 1665 1857 2148 2632 2789 3565
522 1663
1404 2587
1049 2749 6155
106 3644 5714
103 1547 5600
466 2454 4964
806 3019 4336
1342 2501 8051
908 2684
554 1935 3738
903
1449 2831 3573 5568
1015
395 2059 3900
319 1773 2481 5785
616 1973 4284 4361
372 2972 4191 4813
1534 3426 5085 9327
746 2519
378 2427 5166
266
594 6465
305 3005 3021 4255
1095
1011
764 3673
574 4028 5907 6417 9345
729 6233 7509
352 2518 3436 6456
1044
1447 9375
276
534
1177 2230 3807 4524 5994 8310
368 2607 4526
1262
670 3385 4084
1010 3292 5963 6330
476 2287 3370 7298 7756
1411 3335 3964
982 3493 7204
1024 3562
1427 1828 2257 3158 4549 5318
1285 7224
1490 4473
531 3381 8491
848 2220
1133 8064
1147
30 2164 2993 3004 4801
1132 5917
1449 1632 7672
17
434 1957 8671
597 4401 6062 7157
697 6670
962 1958 3235 6780 7185
955 2912 7529
832 2565 7395
308 8729
615 1776 2475
1403 1677 6929
246
705 3557 7269
1357 6162
1343 1809 2118 4329
1346 1761 3114 4548 5673
697 2496 2650 3333 5801
1100 1769
1058 2760
1272 1981 2348 4344
128 2513 4577
485 3388
117 5978 6862
102
897 3903 7942
430 3377
278 4262 4650 4949 9072
121 3736 5017 6187
878 4121 4936 6639
834 3229 4916 8260
189
1148 1760
1094
217 5047 8099
1242 4096
575 2918 4177
1431 1703 2016 4776 6013
146 9898
855 1768 4141 8184
964 5688
580 1736 9899
840 5339
717 3767 4660
939 3164 5394
337
593 5320 6315
425 1716 2627
641
935 2946 3922
440 2780 4956 6430
1416
1581 3431 5220 6123
739 2042 3038 3785 4636
510 4835
106 3701 6999 7129 9664
871 1871 2126 3069
491 5990
528 1880 6461
1325 9593
202
485
112 3631
480 2526 4497
1213 1851 1943 2886 4077 9540
354 1865
1013 2541 3467
1478 8850
680 2864 4678
374
1362 1700 2012 2028
1177 3035
1259 1879
631 3798
906
717 7441 7506 7516
654 2251 2495 3968
1108
999 4477
180 2162 3722 3731
1012
229 2347 5443 7111
770
1530 3227 6158
766 3627 6612
1529 2044 2121 2457 3061
1012 1905 3018 4031 4237
19
1300 3609 7637
1262 2283 7783 8105
313 1886 3162 6413
1522 3619 8756
1179 2770
88 2097 2176 3195 6477 9996
752 2558
239 1780 3249
596
1591 2309 4143 5091 7119
1012 4165
517 3288 6374
816 1802
1087 4395
290 6094 9981
703 1988 2227 8457
1236 2410 4687 5678 6930 7117
1399 1747 5746
1379 2043 6351
1052 2935 6270 6294
586 3403 6522
905 2929 3060 5326 6018
1489 3568 9195
689
194 2855 9693
57 2634 5104 9632
930 5550 8998 9413
1243
390 2062
4 3449
1048 1854 5164
1410 3588 6009
1650 3965 4789
1282 1997 4282 5640
1222 6080
1617
741 1887 3544 9076 9894
1117 7198
1418 2002
409
1242 6271 9129
1298 3399 4355
1350 3309 4708
968 5112
267 1950 2571 2659 7707
1444 2504
621 2937 5736
896 2456 4581 9041
1627 1878 4323 9455
150
1390 3859 4407 7861
1521 2985 5872 8757 9281
426 2264 2795 8241
931 2383 6142
433
1004 3550 5179 9362
124 2625 4702 8855
932 3966 4510
504 3062 4767
636 5383
1014
866 3016
1142 2909 8072
945 2007
744 1748 3592 6443
913 4770 6174 6849
339 2414
68
1621 5299 8647
1460 3239
1018 2925 7949 8553
451 3393 3634 6349 8377 9930
572 3110 6157 6422
1133 2114
714
1307 2095
661 1893 3694
1164 2835 5263 5402 7808
1296
1685 2146 3976 4080 4528 8992
1732 3561 9315
340 4802 6792
441 1792 2629 7459 7533
141 3478
123 2289
360 2584 5185
685 4382
706 4385 8749
1170 2306 3176 5444
1111 3464
476 3080
601 2169 2298 5668
1612 8831
1596 1844 2168 2908 9976
231 3112 9285
1468 2077
1114 2867 3853
714 1869 2152
1308 5441
988 2353 5153
1619
1598 2595 3620 6108
35
1262 6686
342 6038 6980
1544 4044 8446
784 2814 3115
199 3890
1590 5398
256 2765 7639
1073 4021 4280
539 9688
1675 2319 2599 2893 6451
865 3699 3994
1029 2336 2791 7798
442 3655 8728
762 7057 7245
922 3514
680 7551
1262
1277 1847 2294 2440 9769
1274 2181 3442 6168
226 3432 3560 3896 4940
1135 3068 4482 7413 8215 8236
1750 2261 8266
431 3043 3230 6784 8913
797
250 3517 3654 7907 9494
1414 1872 2272 4971
353 2602 7080
1054 3077 3800
983 3711 6679
78
1443 6595
1680 3574
26 7858
1213 1987 4114 4951
448 2076 2733 3511 3702
676 1908 3515 4302 9441
1064
404 1954 2630
1595 4123 4322
578 2051 4107 8119 9748
450 4106 7400 9741
195 3585 3771 4068 9588
554 8013
835 2758 2955
752 2459 4616
882 3481 7292
1344 2211 4168 5543 6546
74 1882 3386 4856
17 6195
428 2766 3132
779 2156 2288 6988
498
502 2048 3828 5774 7966
1274 2053 2499
957 3769 5315
760 3878 6659 7341
1431 3668 4546 7501
1572 8414
472 1934 4079 8493
101
1391 2246
462
651
413 4879 7505 8100 9731
365 1989 2128 6534
1162
1040
228
643 2447 4610
439 2032
1416 2521
682 2781 5718
178 2980 3034 8244
1761 3076 3289 5459 6145 7836
833 1970 7424
475
1788
417 8861
751 3770
1298 2489 2687 4358 5500
1644 3276
801
27 2266 6621
1698 5748 8357
1222 2497 4689 7115
848 2018 2734
1529 1938
1250 4514
353
834 9330
507 7990 8754
325 9924
87 3204
505 2073 3106 4332
1645 2006 4435 7159
577 2470
1222 2001 2418
1009 3496 7462
1765 3339 3477
577 2983
1636 4886
1796 2392 2498 3413 3803 4684
670 6998
1224 2019 3641 6542
787 2416 4066 9219
421 2742 3025 7775
50 2424 7149
1716
1652 5062 9468
1638 2412 5540
30 3147 7189
1818 2452 3315 3921
1162 6833 7492
765 2142 7336
58 2973 3302
1670 7161
1704 2017 2904 3198
895 3502 4067 5682 7456
738 3130 4743
514 2406 9061
1304 3102
1125 7079
1744 4290
316
375
869 2846 3531
1141
883 2402 2987 5208
163 6647
801 3371
648 2662 3003
212 1937
1497 1995
1164
1666 2290 2364 5789 7312 9753
325 3905 3910 6169 6711
1442 2917 9403
1806 1959 3202 5465
339 3623 8116
1144 2349 4470 8458
737 2405 2469 6500
1323 9874
1319 3281
566 2068 2660
714 3953 5911
121 7132 7597
524 8551
295 5845
1132 2175
452
1303 3492 4247 5273
24
11 1930 2712 9140
747 4453 4594
1154 1963 2667 2809 5011
83
232
1499 2626 3719 4230
1031 2480 9388
1923 4480 6235 6974
177 2387 2524 5251 6106
46 2671
1034 2920 9881
1829 4147
1539 5214 8135
1104 7603
1902 2554 2572
1857 2981 8958 9603
1374 8946
367
164 3275 8269
253
1644 5997 8087
1360 5375
366
629
1040 3242 3772 8084
672 4281 5814
708 3989 6584
1712 3935 6599
666 3482 3593 4204
597 5675 9273
146 2263 7310
1808
804
568 2203
1583 3137
1586 3329 7389
1908 3572 5702
327
1406
403 2820 3777 4207 9356
1925 2531 7882
1010
869 3758
707 2764 7657
198
1110 3824 4132 4699
966 4865 9581
1845 6987
1262 6650
503 7442
1545 2593
1376
162 6875
1324 5806
583
1478 3305 4468
1030 3037 3264 3294 4523
748
1600 2270 7230 8813
979 2317 7138
921 2577 3087 4199 4286
1362 5490 8408
1445 6326
1137
1804 6741
1683 3172 3354 4506 7049 8938
1835 2058
432
604
1364 3149 5058
627
10 2352
1903 5943
1211 3500
1701 4034 9382
1326
1180 3499 5225
411 3199 3805 8246
1867 3161 4997
1706 2794 3360 8621
100 5885 6314
280 2049 2161
1325 9831
1865 5920
1731
638 2913
732 7807
1344 2665 2716 4014
1327 3686 4040 8422
1650 5908 7364
42 2482 3882
982 4052
986 7547
1617 4567 7465
1887 2318
1856 3303 5893
1874 2393
479 4930
575 3746 4501 9352
1453 2620 3664
956 6425 7635 8387 9684
460 2683 3705 5233 7131 8765
779 2030 3465 9489
1213 4181
606 2358
1650 8668
869 2530 6252
2025 2243 3226 7854
803 5081
1840 4291 5956
995 2115 3167 4793 8040 9719
437 7243 9884
240 3054 3709 4667 5274 8392
677 2189 6493 8436
1501
853
544 2103 3547 4367
875 3790 8103
1365 2883
1633 2975 3024 6912
1686 3368 4320 7900
1665 2708 3420 6036
1152 2941 3855
746
558 3023 6411
1823 2236 8519
2004 7659
289 5305 6834 7958
1810 4774 5571
1298 2196 2275
1824 7631
1295 4595 6032 9533
1202 4624
1157
1213 4796
1989 2782 4757 5294
1543
1450 2533 3678 4330 5710
1386 3548 4097 7114
1696 2441 4379
616 2238 2631 4885
1006 2907
844 2563 6925
346 3832 4854 5319
253 3179 6420
1914 3085 8982
556 5764 7535
54 2425 3639 3961
1407 7150 7679
1507 3529
1864
977 3780 3973 4381 5014 7479
1193 4638 4884 5578
1805 2488 8773
1763 4397 5838 6832
463 4195
683 8816
934
555 2560 6801
348 2525 2694
802 4251
460
682
1230 2643 5075 5405 5576 7848
764 4858 8318
1134 2881 3221
1210
1224 2192
611 3747 6566
890 6731
806 2293
207 3070 8940
1743 3628
880 4680
1673 2231 4583
386
741
880 2281 5889 9747
813 2711 4150 5783 6474
332 2190 4846
2039 2696
510 2258 2704
1034 8516
993
410 2370
32
561
1097 5448 6089 9561
280 2623 3796 5090
1507 2801 4032 4357
280 4919
1741 3948 8124
2033 4731
1165
1225 5438
1595 4410
623 3178 9082
529 3327
1665 7996
1418
867 3637
262 2445 2992 3649
854 2727 9576
1636 2745
1258 2677 3260
1835 2166
283 4366 8947
763 5594 6794
1209 3193
1133
633 3742
1422 2449 3571 7134
507 4871
1356 7915
824 3861 5034 9039
1228 5099 7041
796 4403 5447 7846 8495
157 8181
860 3123 5186
1884 3553 7564 8964
348 4476
1476 3840 5622 6200
937 3577 4075
1747 3352
1249 7123 9557
1529
1394 2697 5391
724 4377
1355 3182
1765 4682
481 7488
1477 2698 4580
1355 2178 3014 3604
1821 4565
1082 5432 6371
942 6058
321 2313 4556 6798 8716
1169
2004 2540
1659 2279 5494 9154
1376 3456
1579 2422 6691
563 4701 9399
2128
22
1761
1759 4341
255 6256
728 3946 4431 4530
1512 6361
552 2466 6367 6598
1524 7090
1919 5343 7571
1673
1351 4024 8007
2155 5590 5700
1215 2197 3342 6788
245 2300 8418
1789
620 7968
629 2311 5129 7642
425
1307 3933
206 3174
590 8205
812
2036 7032
2102 2633 2726
881 4263 8856
2090 3259 8117
828 4674
438 6001 6777
1328
2052
2179 9647
155 2998 3111
301 6020
1500 2686 2848
128 3626 5150 7554
175 4386 5474
1956 3104
16 4325
798 2642 4672
467
555
652 2944 3490 3579 9459
70
1129 3318 5064 5919
1817
1478 2640
1461
128 3988
670 4135
758 4625
1220 5573
206 4494 4800 4821
883 6276
1576 5162
1139 2239 2736 5121
283
1468 4074 6947
839 8665
1386
1393 4234
1683 8598 9692
898 4337 4447
675 4902 5143 6562
1563 4538 6628
2097 2903 4258 9885
682
793
1121 6402
806 2592 5418 7355
2048 3775 9861
104 2331 6100
2063 3685
2221 4442 6813 7208
1211 2305 4146 9891
1146 3040 4891
661 2537 4760 7401
2030 3494
953 3645 6403
347 2559 2796 5992 8987
1831 6131
1012 7039
37 3350
1135 3334
839 4586 4670
1656 7510
92
143 8575
1305 3638 8637
725
838 3763
1572
2104
863 6132
1128
1792 2692 5279
1007
1953 5973
1720 2508 3656 4833
62 2774 6385
1853 3013 5677
145 3244 5457 5514
934 6355
960 3363 8863
1981 4352 7912
1508 5248
1796 7776
36
1316 8134 8552
2052 6466
561 4062
367
1486 3392 4531 7207
2162 2382 2754
1023
2100
1060 5243 7925
1669 7485
752 5374
1427
904 2509 2668 6970 7116 7841 9234
1568
1821
1752 2463 2984 4220
1905 2690
1093 2301 6854
797 7511
2093 6501
1788 6215 6447
1504 2837
49
815 2343 3670 6039 9622
1759 4948 9133
944 3600 6480 8574
2180 2644
2291 2585
1081 4046
1201 3488 5280 6508
590 3956 4134
2240 3586 8898
1756
1499 7212
488 3762 6165 8768
1677 2423 2879
643 2542 2844 4356
2183
839 2397 2645 3052 3883 7191
2159 6823
741 2850 3277
1309 2653 3210
847 2775 3822 7339
1982 8057
2017 8529
1780
1478
1415 2444
33
125
1398 3877 6589
514 2327
1037 4734
2325 2787 2974 5468
1468 3801 7781
1067
504 3125
2237
800
545 4502 7763
228 8391 9532
578 3402
1782 2887 9297
547 4478 6003
1296 2819 2870 9149
1112 7759
1260 5400 5969
121
10 2516 7419
2297 2421 3270
90 3854
249
357 7256
1661 2685 6579
1600 4226
1910 5285
1090 2622 4140 5303
340
1994
1767 2536 3263 3401 3690
797 3376
786
906 4696 5466
962
2027 9027 9474
635 5239 8604
1030 4222 6745
1039 2689 2747 4736
322 9983
893 2977 4739
1905 4535
1369 5213 5406
539
619 4704 6042
194 4486
216 5686
2107 2707 6958
114 3297
1494 4759
1504 5357 9907
341 3791 5518
36
1487 2784
1452 4008
1421 3338 6917 9374
576 3558
1114 2952 3870 9433
1292 2573 8362
2279 9308
1721
1511
1039 5541 6747
628 5775
1931 3219 8761
1075 2471 6250
1068 4758 5254 5859
52
724
1872 4244 6789
2019 5589 8431
780 5284
202 6229
997 2878 5429 6041 6053 7471
2312 4091
26 9537
1018
1321 6826
847 5038
1898 5492
1449 2961 4608
190
1911 2574
1890 4064 6212
1434
301 3029 4657 8206
135
1684
303 2658 4018 4039 4923
1880
1503 4012
1734 2942 3845
362 2798 2894 3047 5051
1875 3157 4959
795 2507 3012
1867 7322
564
1473 3027 3594 4193 4479
2343 7101
2164
2309 2544 8949
1877 3155
2070 3518
975 5531
1549 2755
922 8000 8504
2 3967 4027
1326 3602 5174
354 2450 2478 2741
306 5344
555
978 2959 8123 8908
789 5546 7062
760 3809 5093 6614
1295 8907
759 3525 4269
1405
1788 8543
2062
600 3296 5137 5799
92
2321 8600
2124
600 4189 6140 6808
1839 2934 5972
620 3395 5175 7545
2134 3422
2431 7782 9619
837 4006 5250 8837
1882 3042
2
1535 5297 9037
477
1715 2492 2880 7329 9173
1665
1050
1815
1298 9398
715 2877 9028
392 2721 4279
2289 4118 8511
343 2576 3173 5803
89
2173 6258 7684 8700
681 4651
496 3045 5562 8424
1911 3858
1866 9838
2388 2575
795 3979 7023
249
1365 2970 9387
1590 5974
505 7420
654
2431 2740 5413
1136 2916 3201 7877
1929
1544
2013
267 3044 6070 9083
562 3374 4328
1307
193 3959 4861
222 2589 4128
2076 2713
1850 3073
894 3272 3793
1395 6208 9396
2456 3088
581 2978 3487
1107 3183 6734 7216
1656
1597 3751 5246
1855
1872 2506 5100 5699
1824 7473
961 2553 2851 9563
1537 2767
320 2680 6625
861 7891
1713 5024 5231
677
2498 9349
2417 2738 6762 9626
2264 4259 6175
2286 6096
1517
1098
821 2966 7077
1601 3463
1338
634 5554
2342 5182
98 2779 6478 7277
1558 3231
1548 6824
150
1841 2638 3138 3682
793 2581
943 4275 6975
1931
2082 7606
1643
476 5970
679 5705
600 2805
2029 9816
1963
627 2847 3224 6764
2060 5539 8455
90 6580
172
2353 2838
2242 3255 3411 5475
1481 2811 6353 7125
528
2161 6391
1646 6015
2310 8800
1372 2921 3017
2423
923 8356 8607
1071 5196 6434
747
420 4591 8338
1300 4108 9249
1025 3282
911
1269 6581
2500 5172 6103 7421
1937 4487
830 3058 8762
966 5177 5630 9290
99 3001
1674 5526
2245 3124 4513
2081 3414 3651
1381 3575 3909 4671
673
2065 5924 7660 7789
853 3536
1588 4991
524 3293 8273
764 3343 9915
196 4015 4974 6496
1135 2664 3462 3599 3842
1085
1712 4155 6392
1937 7136
2381 5086 6934
2405 6817
2471 2943
2464 9772
1983 7104
1163 7524 8494
1076 4318 5037
1246 2661 6380
2522 4518
1280 2967 7862
1400
1753
2301 3919
181 3491 3734
1531 7755
1117 3610 5083 6060
2487 4078 9092
599 6864
648 4983
2235
1973 9208
1304
1769
986 6431 9585
1293
457 5904
1780 3454 5753
124 2715 3551 5192 9918
805
1797 3713 5255
1321
1483 4746 7112
869 8198 8843
1473
1564 3026
914 3737 5486 6453
1246 6217
114 5510
584 2889
686
229
419 8163
1244 4970
34 2822 6177
400 2674 3328 9963
963 2739 7323
159 3170 7383 9094
2022 3033
26 4806 7248
2350 3188
2111 4484
1093 3194
1724 5735
1928 6760
1627 8389
385 6935
1750 9262
1808 7778 9955
2063 3564 6637 8062 8434
1529 4639 8327
2190 4011
1693 3714 4370 6967
972
1088
1135 5050
2521 4697 4937 8015
1377 4371 6499
2212 6358 6510 7943
1119 3168 8209
2205 2679 2703
2086 7532
2300
2312 3326 5612 9178
330 5188
312
1374 8202
1186
1597 5266
786 3041
1190 3483 4404 5268 7633
2315 3672 6882
397
1346 4553
1512 4392 4748 5503
1060
2411 7497
1712 4979
1914 3367
2580 2830
1901 4620 8252
827 4751 5330 5542
2569 5473
2010 2776 3089
367
1925 7155
2286 4171 4807
491 3291
1226 3947 6509
1932 3806 5577
346
404 4025 4055
2617 3867
1176 6652
52 4268 5704 7923 8342 9758
2127
1085 2746
2642
2502 4390 5028
333 3094 4712
318 3513
2024 9906
1538
2347 3802 4157 9597
2200 5334 5830
1850
678 2898 5983 6121
2361 6996
2290 5232
602 5771 7335
2261 5733 6543 6861
369 7771 8892 9794
2082
712
2103 5170
2149
2154 2919 3163 7314
1030 6822
670
1317 4277
1434 6797
2642
2104 3884
659 2759 4335 7051
1403 2845
2370 4185
2044 2817
991 3825 4707 9822
1198 4206 5265
2101 3740 4966 7650
1923 4973 5842
2488 5898
383 4892
2600 3697 7382
2010 8065
1030 4116 4373 4755 6615
938 2722 6189 6494
823 2783 8229
543 3503
2462 7460
2718
898 5337
585
182
2190 3057 4894 4972 5833
2125
761
481 5042 5277
614 4013
1108 7587 8577
148 9146
1805 8261
1856
394 3643
2221 4136 8284
599 3379
2507
2618 6176 8478
2478
2431 6290
1876 6159 6710
379 6331
1516 3519 4300
2126
2678 6409
2361
1214 4664
1532
1513 7414 7575
1024 6931
706
1354 3894
2279 9131
2427
672 6513
211 3480 5897 6636
1814 8632
2705 4953
1599 3542 4309 8046
761 3090
1259 3892
447 3197
1966 5772
1777 5766
1820
2501 3373 7342
1438 3107 3150
175 3186
1672 3724 6067 9288
555 3939
150 9509
247 3364 4003
2265 7869
2316 5769
2665 2854
653 3177 8770 8812
527 3084 4100 9984
2517
1630 4351
1842
2058 4153
2719
2376 4369 9800 9951
733 3252 6097 8421
562
2327 4408
1341
1529
1095 3945 9638
1782 3546
290 9536
1263 4749 9339 9541
2002 6446 6909 7523 8917
1720
2245 2939
355 2832 5023 6883
2415
643 3322
767 3448
2112 5261 7250
606
474 9570
1509 3583
2529 3944 5813
1502
829 5650
716 5551
1925 3528 8580
299 2962
2538 6414 8517
942
1122 2915 4049 7599 8934
1774 8286
845 4853
1333 7683
2708 5937 8760
882 3092 3266 5536
2338
1962 5597
1299 3466
2616
1253 3097 3378 6479 9944
246 3223
1334 4695
1125 3587
467
1014 8893
907 3595
2661 5026 8549
1541
2797 4895 7926
1146 5116
1373 7373
1745 3675 4706
160 4131 7569
2295 3917 9571
2536 5077
148 5310
17
526 2902
883
565
2310 7936 9319
2706
1896 3526
2532 5706 6574 7214
2200 4086
1527
2314 7855
2500 5423 6056 8365
558 6467
1 4350 7689 8240
2776 3661
1692 4293 8617
583 5557 6079
710
1163 6746
1356
817 3834
92
949 4179
577 9651
1648
835
1071 3254 7711
1764 3036 3891
88 5633
1265 5012
2338 5927
1132 5365
209 5427
166
740 4517 8280 9023
943 3895 5512
288
2461 8559
2396 6504 6690 7301 7981
2309 6910
2456 8151
2088 7972
558 3185 4637
2041
516 9204
1476 7368
1644 3425
2336 4010
1501 2927 4183 5084
2611
185 5820
975
41
1780 3337 7455 7658
2415 5968 6539
653 5829
867
12 3307 4715
2688 4166 9824
1088
1201 6735
1204 2964 3280 4202 8428
2841
2231 8844
1887 4798 8194
1295 3864 4790 7643 9760
81
2064 3962
1761 5461 7816
1730
46
180
1587 5101
2008 8895 9274
1332 3429 9504
2813
2479 6226
1907 3811
1616
2698
1933 3447 5821 9595
2543 8857
1355
636 6858
1491
1738 3154 4060 4830 6316 8945
755 2968 6571
2888 4722 5387 9316
988 8074
1689 3072
350 3142 3471 3720 8153 8469
880
388 3485
88
2447 8490
1687
513
1714 3100 7632
21 4934
2796
428 3424 3996
2045 6319 9021
2414
2575
2208
1414 4537
1629
783 4669
1195 7824
1441
872 3452 4673 6900
1321
2380 5641
1151
908 8216 9624
1814
1028 9507
639 3472 5648
400 3066 3783 6277 6416
2434 7396 7997 8738
777 3356 6064 8627
2403 4378 9404
2810 5986
1243 4911
2901 6981
1336 3647
2512 3039 5445
2582 3139 3836
2926
201 3279
2474 4963
1088 7142
1546 5433
1885 3687 4227 9469
2327 9446
2042 8838
566 3794 7029
2363 6172 8031
2493
1324 3320
1843 5505
1938
216 6227 8071
1870 9560
2289
1719
942 2991
1898
1389 8041
1282 9160
718 3215 3218
2986 3538
2124
1579
739 5875
1358 4231
222 4375
608
2198 6267
1206 3295 4564 4779
1376 5780 8656
2557 3233 4144
929
1901 3257
1579
1552 3030 4209 6664 9700
325 4101 5932 7985 8053 8101
118
228 6667
962 4432 6282 7055
1123
571
2417
2266 5683
2155 4713
170 3768 4663 5271
1729 8660
2543
1666 6585
1536
758
1552 4883 8820
215
2047 3345
2042 9357
1876
2607
2420 7611
1334 5778 8584
2408 4249 8435
3005 6708
1397 7333
204 3598
2620
1843 3732 7552
1651 4239
2867
1979 4901
1633
2966 5632
2241
2651 5812 7898
2452
1793 7531
2483 7108 9426
2468 3209 8699
83 5210
2415
1031
20 6819 8928 9572
1397 7806
755 3925 5921
2312 3217 7519
1024
2035 3559
597 5132
866 3756 5770 9271
2726 3078
2555
329 7748
1689 9338
1665 3852 8204
1726 5351
1186 3712 3872
75 3118
1499 6551 7091 8763
2958 6587
1117 3929
1791
1636 6394
2094 3974 4305 5777
781 7317
2929 3344
2489 6966 9217
436
476 3524 5061 8068 8289
1844 4065
1798 3169 7425
3057 4771
706 3256
1758
830 3353
1374
330 3131 5158
2778 4876 5892 6206 9050
2068
324 8178
1983 4187 4283 9886
2492
2665 5046
2761 3498 7835
108 7433
2818 4754
1398 6705
2681
1110 3406 5140 6643
715 8401 9190
2823 7267
632
658 8591
2937 4087 4243 6837
1418 6222
1891
73 5009 7416
2203 3537
1059
1864 7360
2768 4832
907
724 5631 6992
1740 3311
2198
1762 7712
1208
1596 6247
1774 4465
850 3225 3950 7662
529
3064
28 9960
1402 4843
1248 3991
1183 6016
2141 3755
2559
2330 9675
785 6758 8383
354
1304 4172 4455
1305 7507
1889
3083
1820
12
763
504 4819 5558
577 7067
1957 4989
2521 6736
2967
214 3716 4618 5644
171 5902
2930
1136 4229 6872
1243 5656
854
1275 5134
1881 8142
280
1992 4210 8777
2768 4194
953
773 4728
714 4295 7034
2925 5073 7446
2424 4897 6044 9350 9527
55 6128
2416 4805 9897
1572 3881 4492 8510
611 6914 7233
533 4149
2001 3843
1670
2698
1624
1296
1510 4354 5636
2033 3543 6971
2641 4394
3077 4578 7232
2619 7316
1441
1988
2464 4365
2186 5317 7197
157
1756 5422 7367
2777 6298
2119
2067 7210 8132
861 5690 5841
244
2151 6507
2494
126 7332
2882 3512 4434 5663
2769 8156
1488 8927
2622
884 3754 3927 4005 6660
110
512
196 7592
2131
2624
1673
1496
2763 6360 8427
1887
2000 4563 7024 9998
382
2479
1908 5698
476 6533 7391 9670
1863 5264
521 3214 9068
1512
870
850
3045 9392
2315 3934 4809
588 5187
1202 4747 6337
1336 9017
3205 4030 4042
2990 5168
1304
3052 4558
2990
2387
479 7608 9522
2088
1439 3241 7376
2824 6218
2532
3116 4952
2030 4094
1663 3520 4299
592 3460 4750
1610
1793 9505
2518
56 4711 4860
3001 7975 9925
987
1586 4609
1213 9378
1231
467
1737 8950
1293
3222
1947 3278 8823
1220 4162
2267 3576 7068 7255
964
1259
665 5223
1364 7386
1675 4615 9503
1477 3646 6627
805 8094 9627
2785 4256 9680
161 5006 5945 8474
2866 7979
2537 6093 8412
3079 8571
3003
181
2192 3856 6459 8174
2127
236 8624
425 4772
2353 3300 6436
1979 3728 4288 8106
312 7448
2818 5451 7874
1323 7681
1083
1192 9212
2343 3633 4887
402
2490
176 4145
349 6350 7410 9674
1941
1851 5151 9090 9892
2314 6559 9729
3242 7803
2969 6031
2901
1913
2550 3384 7693
1363 4709 5835 7437 7582
1063
1178 4048 9733
625 4703 6437
1236
1679 3581 5055
1844 5867 8587
361 3915 5048
2669 5947
1567
2566
1979 8885
2999
2442
2371
1411 3470
886 8036
3263 6620 6698
1323 4827 8780
1885
2018 6703 7928
248
1978
1388 4559
2897
1434
1710
1346
3110 3504
613
358 3521 6216
1341 4918 5044 5563
1882
1456
247
2210 5863
198
2979 7565
478 3419 3992 5957 9936
2799 3443
37
1134 6342
1132 7000 9078
2645 6557 7397
2120
2617 4527 5524
1958
50 7006
882
305
1597 4400 8299
2249
1569 5607 5611 5899
915 6279
2893 6663
2378 6933
1869
1187 6889 7476 8350
1495 3693
2179
2567 6895
3072 3752 4076 6050 9239
3023 4353 6786
139
263
25 7487
1290
2248 3636 4561 9233 9243
193
2146 5298 8339
3081
1988
112 4576 8563
2960 9301
580 7005
1485
324 7749 8685 8751
2002 5003
221 5488 9142
1030 5417
2269 3539 4803 5788
2773
299
510 6239
2660 3954
2043 4643 6487
416 3725
1568 8471
1900 3570 4124 4927 8462
1128 4738 6669 6699 7502 8126 9531
2767
2484 5212 6435
1296 5692
2354
1606 8295
2823 3823
2737 4922
1202 6955
1575 4292 6654
802
1417 5390
3282 5609
1566 9710
1818 6014 7644
762 3415
1602
1223 8653
869 8610
516 6069 6303
2278 9158
1739
523 7984 9649
2448 6210
876
854
842 5087 5122 9139
1709
863 3799 5049
2353 5333
2335 3688 4483
1688 5336
1067 5662 7496 9161
316 5039 8735
3095
703 8821
1042 3458
1427
1236
2537 3533
695 4311
1872
2560
3387
775
79
955
3321
2044 4346 6607 7328
202
2449 4867
778 6101
2940
2886
1547
274 5623 6423
184
2914
1408 3441 8238
1632 3846 4828
1790 6674
30 4009
835
1222
1558
630
1154
1142 9256 9544
1440 6318
3430
1789 4421
3322 4641 6856
255 3977 6923 7945
963 7320 9460
514 8279
2920
2800 4967
1697
654 5914 7154
108
2950
608 5021 5142
2599
262
2163 3750
1487 4619 4857
3408 4909 6370
512 7827
3228 5202 8550
162 7133
2569 3591 5552
2513
1757
2025 3815
2821 4947
1646
548 3667 6193
837 3745 3875 7423
3298 3614 3999 6105
2930
2957 3523 4907
1047
894 3814
1526 5533
830
1869 8330
1751 4525 6606
1014 4744 7892
2757
1816
1951 4590
2652
1240 9697
2932
1528 5953 6726
2493 3920
2303 7935 9103
1071 5464 6194 6346
2208 4607 4988
2586
1921 3611
1570 4676
2243
455 4719 5356 9423
1868
853 5756 6908
3090 5040 5598 8881
1999
1996 5519
853 6827
1888 5976 7864
2720 3797 3849 4383
3311 4082 4205
1214 8875
408 4839
1304 5262
291
385 6608
451 7819
1805 8489 9866
3185
2682
1785
1806
1088 9261
1795
2425
2744 3813
3227 6458
3313
975
3472
3075
2438
2846 4955 9957
242 4112 9480
2809
2072 8196
1103
1896
1421 6951
3411 6990
524
862 3901 7253
2564 7514
3104 6463 9259
2991
3363 5635
626
154
2760
3167
1704 5178 5717 8180
1213 6357
2791 9849
2039
2061
1171 8944
1723 4592
2600
754
2142
1220
990 5483
1334 9201
1593 4732 5854 7486
2379
3054 8210 9487
1790 3666
1748 3774 4223 6814 8499 9902
1571 3810
128
2631 3629
1529 4597
604 3820
1147 5159 7276
1690 4795 5392
1368 4471
3371 3969 5745 9567
2134
1959
1541
1802
2561
3244
2145 7944
45
2208
1359 8962 9611
3288 4315 5322
363 6570
2804 7719
233
1812
2305 3914
2826 5314 6576 7741
1699
470 5672
645 5379
3462 5836 6816 7838
1732 6107
1951
2420
2829
1298 3808
912
3032
2569 7037
2299 4448 4679 4896
1473
2430
1001 7697
2155
47 4178
1238 3625 5411 7974 9175
817 3873 5713
705 5715
1668 4631
2588 6183
3492 3839 4782 5015 6991
242 4159 5295 5610 7881
121 5476
3470
1410 9108
179
963
861 5884
1671 3857
1769 9945
339
559
1909 4969 6757
1134 6700
3606 3916
2201 4826
1664 3663
2095
3564 5831
729 9722
1642
877 4505
3270 5173
1739
1225
3350 9115
2123
2254 4316 6709 9003
2070 9817
1209
1874 3704
1427
2735
1533 8972
2244 5027
3250 3844 7426
2965 3733 9171
1489 9783
2124
505 4768 7475
2560 6336
1179 3778 4260
565 4405
1795 5065 7319
1783 4233 5791
2264 8399
790
651 3753 4083 7646
64 4440 9771
813 7352
2854 9127 9606
122
3627
2022
914
3560 4088
3468
1827 5462
869 5874
2297
540 3932 7254 7690
2653
1555
504
2835 4324
907
344 8592
2060 4613
946
1515 4475
1053 6191 9113
2521 4446
368
244
2238 5751
2011 4415
2973
3402 8936
1064 3897
2353
261 6010 9569
1304 4439
3341 4252 6242
1744 4705
13
1476
2715 5534 8999
1396 7147 8028
1781 6236
1069 4691 5156 8717
1635 8221
1805
1516
3641 6037
2024
1028 6444
783 7003
147 4646
2035
1425
1799 4572
3063 3735
2602
2634 6919
225 7008 9939
3140 4575 5221 8706
790 3906 9854
216
1928 3829 4847
2930
866 4659
1659 5403
384
2770 7739
3369
483 4924 7313
563 7708 9447
3264 7598
1294 9646
640 4409 7999 8835
1659
3034 6313
3647 4285
2586
3712
1608 8744
2608 4987
1539 7263 8189
1265
2711
896
2133 3943
73 7220
667
3469 6977
2021
2091
326 6684 7986
1376
3456
2496 6891 8091
3344 3819
3658
3189 5218 7578
3123
3056
562 4723 6019 9416
1965 7093 8405
1174 6190 9024
1297 4766
1091 6927
2308
2256
1343
1158
171 5910 8693
1623 9030
3015 6549
1825
1849 4384
1812 5928
1947 5097 5161
672
3561 3997 4433 5115
2236
387 6911 9282
1962
3652 4188 4192 7734
201
2074 3880
1040
842 4359 8069
2958
965 7363
1633 4926 7784
853 7098
1165 6017
689
219
2040
2374
1180
2490
2976 5760
1026 5125 5679 5743
2111 4950 5311 7481 7991
3503 3978
1653 9990
3400 9752
1798 7983 8020 8416
2328
2685 4298
1872
625 5275 7483
2000 3958 7387
2671
1563
3596 5680 5864
2436
3562
2917 5856
553 5703 8407
3519
3474
3465
1072 8535
46 4872 5844
1151 8311
3752
3566
719 4095
2316 4999
3378 5052 5289 7609
1968 7464
2709
872
226
1823
3719 6048 8466
924 6024 9711
1525 5229 9583
2066
594 3908 4863
2860 7309
589 9917
2967 8160
1034
1477 6201
3611 8258
2144
1434
2569 4791
3161
3646 8312
2414 8496 9034
3431 7927
707 7588
1115 4148 4720
3503 5207 8896
1308 7435 8308
405 5873
3061 4420
1764
2344 5018
2045 4319 5601 9574
3259
3619 3888 5401
2469 5197 7264
1718 5786 7992
678 7247
2137
74 5001 6594 8285
462 5599 6033 7205 7596
2905 5555
1355
745 5074
2674 4503
160
319
2380 7765
1440 4396
3063 3951 4735 4842
3607 8149 9591 9882
581 6110
3469
995 5399
2324
1826
1360
3780 4460 4882 6074
3158 4985 5890 7259 8921 9553
2013 4221 4248 4389 9608
2312 4938
2704 8507 9808
1220 4627
821 8472
1330 4792 7873
3857 7910
1026 4547
1775 4045
2867 3970 8778 9513
2762 4756
664 5707
2753
2875 9099
1790
3689 7664
645 6755
48 5880
1543
3535
509 5397 7083
1605 5584
324 4085 7620
1906
3717
585 4345
3833
2561
1906
1362 5965 8073
707
499
3586 4092 6896 7019
3290
3625 4516
2837
63 7304 9635
2585
3487 6170
1882 5396 5515
1629
804 5103
1089
3051 5567 6675
340 5657
3189
281 4753
3067 4472
1137
416
3671 8386
2185 7825
3210
1950
162 8179
167 6047 8328
424
2771 7219
4 9386
1266
317
3742 5734
2805 9623
2790 7334
2171
2670
2114 4459 5033
636 4026 5787
3116 9749
3872 7548
858
1915 7145 7526 8199
3367
1070
2304 4273 8811
235 9669
3805
2486
1083 8444
2070
2907
382 8019
1569
1700 9025
1725
2429 9550
1656 4688 5909
3570 5638
3891 6452 9250 9880
1380
1055
2074
3070
253
1747
3444
3797 9717
2472 5815 9144
578
527 4566 8058
151 4129 6263 7699 8680
709 5768
39
795 9205
835 5348
566 4186
2214
1949
1455 5664
3121
3321
1024
1781
1293 5366
2940 7146
3774 5377
837 4787
3470
220 4466 7525
763
739 6796 7804
2773 5054 9473
1085 4655
3189
2451 4752 5528
1321
2377 5043
3433 5331
2887 5625
2633 5191 9009
2413
2730 4122
2010
2568 7182 7583
183
202 5120 5727
2411 5430
1278 4978 6848 6942
1177
1778
1437 7860
1389
2177 7669 7796 9231
2673 4612 5684
3949 4170 7405 8608
2429 4993 5999 7540
1556 4893
393 7793
3214
1666 4424 7563 8976
2112
1056 7610
1997 5002 5095
1311 8247
1312
220 8130
1112 5031
2411 5793 8611
2011 4511
1354 6712 9922
3214 5616
852 5020
1773 4182 6186
3890 4557
2302
188
3285 4109
2813
518 8228 8879
1399 7852 8314
2014 7100
340 4310 4700 4765
1252 6028
2673 5067 8641
9 8648
456 4270
699 5259
1526 5538 8793
2925 9901
235 7478
2276
12 4652 9730
2406
3076 5851 9712
1875 4072 8438
1888
1812
1067
694 5888 6130
1473 6961
4066
627 5235
2223
2145
3344 6578 7530 7694
1644 4127
2589 4644
1829
1747 4130 9797
387 4102
3504 4154 8691
3658 7227
1566 7431 7914
3904 5113 6348
2848
3100 8443 9294
3666
496 6740
199
2397 4138
3914
192 5530
3226 4276 6738
3821
1615 6076
2061
784 6470
873 7226
2778 5566
3006 5502 7011
4081 4929 5219 9137
1270 5477
302 7072
1509 8008
1811
1810 5376
2549
4048 5618
761
987 7822
3527 5497
331 5691
1804 4820
780
2717
638
2463 9013
46
518 4485 4994 5776 6141
1609
4013 5891 8827
1809
3371 4338 4888
1077 6126
399 6312
4077
2487 4742 5133
3982 5126 8925
4080 8792
2836 4984
1968 5855
853 6393 7621
2304
2215
2736 4914 5454
688 4363
4091
168
2350 4781
1619
13
1677
3001 5342 6243
3273 9165
2240 6515 8960
1934
3848 6046 6804
3160 9341
2101
68
843 5608
2782 6396
4082 4961
2571
339
2685 5747 6179 6362 6916
435
3612
727 9012
98 9052
3243 5082 5283
165
334 6488
1678 6098 6260 7013 7222
2898
827
1817
557 7087
4026
2668
3128 6077 8802
247
520 8081
162 4823
780 6221
1616 5627
3605 8997
2862
79
2026
4044 4737
2888
572
2707
3987 9366
3087 5752 5995 8818
3778 4496
2446 4762
60
1546
3778
2420 4560
3150
2078
21
258 6415
564
1983
1468 8254 9904
355 5613
2901
542
1951
3504
2710
1962 5272
1334
3005 4508 8095
3149 5782
1480
79 4534
948 6136 8629 9738
687
1054
1288 4456 5215 7331
755 5643
1511
355
2289 4500
3882 8265
2360 5966 7567 8788 9220
3561 7390
439 7325
1451 5205 9496
2348 5559 7544
2973 8840
762
3143
1928 4585 6744
2995 5869
1402 5029
3655
2226
364 5181
963 4890
1666 4427 5109 7920
932 6127
3035 6102
25 5493
147
267
3100
2392 8201
163
840 9462
1921
3882 8207 8367
3029 5781
892 9182
2083 5574 5925
3693
1188
1045
1552 5480 5525
3252 6040
1305 8415
2231 6075 8055 9999
2508 8883
3652
1250
1607 7406
2191
1192
1153
936 9935
539 6743 7521
2676 7801
2438 8303
4057
760 6115 7522 9405
1111 7044
3956
1507 8115
2523 7326 8877
4094 6853 8924 9911
2701
758 5587 5825 6695 7015 8967
2462 6696 7993
1778
1948
1701 6147 7399
3087 6802
1545 4521
3733
1983
1317 4422
3264 6661 8733
1197
1893 6225 7847 8774
2032
3381 5989 9326
2855
1370 5301
3153
707
1097
3802 6043
3227
2744 7118
890 4584
1806 4430
1244 5309 8612
819 9686
3070 6078
1496 4786
1028 5614 5695
243
2760 6156 7234 8719
4053 5141
3412
1216
63
894
3581
3638 9985
419
2579 5586
3855
2043 4932 5088 5837 7188
453
1809
1716 8473
3675 6807
2204 4808
190 9774
1314 5817
2484 5605 7384 8578
1595 5160 7688
2060
1100
1864 5176 6291
937
1296
2705 5903 9564
1536
2228
4124 6483 9215
501 5481 6029
260 5532
2169
138 7728
1046 7908
1600
3907
3420 4536
1518 5393
34 4445 9663
627 4960 9038
2853
2780
2270
3345 7780
3166 5936 9166 9228
1709 5227
2310
2112 6830
1850 5421 9422
3782 5198 7372
1447
1545 7717
270
4137
340
3173 5804
2129 9456
2039
1065
2784
2634 5629 7959
2639
753 6517
2717 5269 8164
696
2996
328
2150 8098
2961
2062 8708 9055
1128 4596
2074 8402
1754
3503 9792
3770
1755 5260 5654
2202
1022
1411 6223 9420
3882
2680
813
2656 4467 7183
836 8817
3168 6618 7543
1681
3871
2077
377 5435
495
3333 5296
1584
128
2139
2652
3653
1414
1718 6173
2787
3730
2118
26 7252
964
1311
1224 4730 9245
3686 6285
162
1235 6091
1173
390 6633
3852 6265
3442
4287 5270 8874
245
4031
1014 5935 6012 9019
1143
4237
623 4573 6278 9833
1192
4302 6553 9022
2171 9353
3009 8373
3774
3185
1865 7757
38 7676
373 5779
405 4598
3692 5426 8411
3659 5136
1175
2239 4733 5906 6976 7018
1046
1478 8636
4348 8498 9320
3682
2228
3600
1000 4495
121
354 4604 5068
43 4645 8237
1924
1037
3128 9528
4216
1490 8675
1166 7737
3948
3880 6433 6645
1461 5016 6573 8161
941 9499
488
853 5676
3115
4000
4392 8690
1978 7834 8121
17
1910 4915
3569
3929
1574 6953
133 8475
3680 7832
2143 5651
1658
2337
2420 7674 9964
1930
1382 7303 8223
1791 7246
3402
2623 9777
4120
2368 6774
2554 7956
782
645
338
120
3158
1050 7976
2218
4449 5993
4188
1643 5460 7022
788 5784
351 5996
4220 7576
2021
2333 6640 9552
3867 5316
662 4881
3632
1988
126 6421
4209 5211 6554
615 4623 7082
1725 8154
4040 7872
1018
2559
1858
1266 6897
3916 6204 9707
2874
2581
752 5816 6125
563
4284 4677
371 7187
1979 5138 8801 9950
1563 4941
3478 6184 7950
1564
3328 8400
1747 5931 6877
1413 6701
2171
2278
1248 6026
69 4775 5628
4212
2364
4346 8395
2945
2230 5245 8956
16 6638 6881
1173 6756
525
514 5389
306
1106
1056
1827
3889 8140
1596 7365
1572
86 4866
1063
651 6835
2655 5380 5802
1389
713 5606 7989 9745
2159
4045
3217
3306
4193 5740 9157
3350 4628
1229
3199 9793
2999
2156 4899 7791
3981 5832
2016 6489
1115
946 7107
3
825 6635 7947
3711 6548 7271 8718
4428
1091 9246
3716 8912
3355
1601 4681 9762
3169
358
2154
1715 7438
225 5588
2097 9292
4301 6730
4230
2250 6617 6689 8846
1422
956
767 7215
3482 8703
2548 5070 6906
3550 5744
1365 5313
1924 8150
2054
4380 6597 7074
3565
4438
131 8066
297
31
1117
1472
4451 6569 7432 7591 8118 8171
47 5463 6405
985
3490 5950 6429
2403
3235 5456 5762
1839
1164
4025
3678 6866 8929
1130 9077
3249
1815
951
3140
3457
2662 8963
915 6963
261
4509 7724
2055
2216
35 5359
3885
4561
1492 4633 4794
453
3609 5971
986 5145
4629
453 5948
1379
1633
2882
2075
2632 4943 7566
616 7701 9855
3443
332
3368 6401
4078 6288
4452
3708 6879
1243
899
1142
1607
2467 7366 7850
4063
960 5795 6395
588
4004 8025
598
2408
1383
3721
1623 6634
244
6
3015
2748 7743
879 5249 5522
1025
2035 8003 9840
1306
2947 6972
2250
2561 4968 8905
2205
2950 6309
2193 6151 9348 9839
773
3493
4521 6365
1648 5240
3600 6163
2096
4577 5019 5324
2152
775
1872 8689
175 4837 5350
571 5979 7709
1684 9913
3968 8340
1855
270
3700 9672
907
1509 5918 6490 9242
157 4778
2825
2356
2638
831
1968
4053 6304
2165 6322
1724 5964 6721
3286 7663
2367
3694
2835 5072 6938
2709 6308 9135
1710 5216
3283 6476
89 4913 8059
3232
2681 7469
3014 9409
1123 5529 8524 9310 9579
2897 5201 6072 8642
1523 6199 8492
851 8952
454 5094
3495 6259
3848 5332 8371
360 4740 6733
2927 6556
3757
1381 7181
662
106
48
3152 5485
1110 5148
4414
2115 7963
3557 7732
4442 6954 8005 9307
2326 5739 6295 8441
3872 6575
2361
4182 8162
3372
2363 4874 8613
4721 7192
295 6166
4128
1889
3479 7060
975 7179 7851
2604
3212 6818
2656
2793
3228 5617 6920
2663 7922
4006 5147 5203
3928
3092
2717
3892
2058
2389 5792
2372 6071
2242 6398 9490
640 5036 7262 7930
4189 6057
235
470
4053 6748
3760 5409 5721
1726
3650 5071
1415
1733 9361
3078 4928
3262
867 5149
2051
4533 8145
1617
52
4694 5106
2999 9130
1095 8977
4140 5580
3611 7466
308
92
698
4306 5790
3998 6386
417
1700
2905
3842 7649
3887 5862
2033 6707 6800
4629 6530 8010
3568 6306
2057
442 5725 6799
2904 7539
1245 5353
2218 5887
1579
1749 5840
3363 5408 6375 7375
1073
3157 7902
2621
2668 6099 6531
4325
3210 4877 8955
1219 5592 6596
1018
142 9237
1546 8887
83
581 6203 7445
953 5720 8704 8910
1336 7213
1464 8897
3135 6296 7371
4114 6154
2218 5291 7202 7800 8453
1346 7260 8909
4175
1454
742 4995
3626
3301
3431 6261 7714
395
2925 7899 9429
1495 5507 6529
3107 7307
2264 5258 8358
1447
1634
244 6317 7636 9132
4685
71
3506
274 5484
597
3872
3120
1259
1075 6000 7698
2102 8682
3719 9005 9440
1383
211 5364 6558 7929
817
1446
289 8562 9304
2815
2066
186 5658
1818
3457
2087
1017 6855
3232
2486 4870 9432
932 8297
3833
1198
1969
4550 8697 9385
3422 6464 8029
516
415 5293 6196
4861
2135 7429
3817
463
4739 5800
1305 5059
3084 6630 6880
4809
676
1834
928
4504
3880
3021
2075
2063
1871 5080 5724
3270
4124 4939
773
4236
2241
2714 5308
4028 9085
2726
2832 5694 9756
3600 9825
3155 6915 7297
79
4565
804
3037 9921
2229 8651
830 4905
584
4903
60
3472 6793
592
3458
18 6284 9938
2963 5666 8097 8532
1199 7066 9186
4710 6828 8644
4136
4470 6713
1610
463
3314
2113 9453
1188
1019
3379
2411
3726 7444 9064
1152 8454 9484
3785
3371 6066
4771 5877
4102 5253 6561
2020 7624 8351 9556
1342
4320
377 8657
2938
830 7026
1609
2638 9592
3883
4888 9500
1790 8331
4524
620
4639
1431
937 5424
1075
3466 5127 5962 6968 7736
2298 5860
1607
3796 7064
1804 8966
3225
2759 5693
934
3526 5404
1630
95
1279 5368
2416
4349 7408
4154 8730 9067
695
2970 9244
1535 5547 8935
180
2711 6871
3448 5761 7059 8409
4671 7843
3623 6345
2615 9451 9612
1796 9143
2726
2712
2568
1208
207 5123
1318 8423
4019 5307 7457 7542 8344
2659
1354 5292 6338
195 7790 8951
328 6471
2591
4131 6805 8903
3881
984 8673
3737
3490 5107
3137 5523
972
2565
417
4027 5060
4120
4825 7494
564 8233
2001 7840
1420
3822 6838
637 6582 6840
3862 6892
4034
3360 7761
1334
175 6540 6622
3253 7622 9264
980 5516 6280 7463
209
3103
708 6160 7105 8804
1925
2869
1028 7130
2074 6941
3611 8626
4461
1608 6520 7010
3854
4681 8385
4043
3453 5323
1422
2797
2504 7520 8138
1521
2830
3645
2680
4232
841 6560 7178
4038
1474
3948
2137
491 6359 7503
4761 6626
2579 7137
2401 5634
3405
3498 5446 8282
826
2729 5335
4008
3314
1293
3089
1614 5560 5895
3290
3400
2637
2415 7370
3823
1498 5900
4003
3288
1113 8981
495 5850
1992 5839 8183
4875 5193
4993 5236 5252 8114
3075 6389
1879
1164
2210
3654
661 8989
4055 7720 9520 9937
4451 5154
1446 8569
4591 7287
4768
4706 9227
3154
3866 5572 6023
2086 8983 9454
124
2838 6257 8175
239
195 8307
4886
2031 7070
4162
2588
2888 8378
1547 8249
2573 5118 5819
3398 5369 6090
4320
795
2111
1677
306
2436
4718 5453
4034 5602
1045 7439 8032
3772
1155
2138
2498
2912 9511
546 6185 7821
3923
1693 5853
1057 5575
4778
4988 7139
1448 9086
4237 6408
1360
593 5306 7021
1711 9437
4085
293
3774
2833
282
5086 7867
983 6006
4017
2221
3398
4976
911 7279
3795
4129
4947 5581 7536
801 5155 8599
2183 9324
735 6188
199 9986
3055
4128 6333
3146
1394
4440
2442 5685
4523 5975 10000
653 5637 6310 7538
3095 9162
4310
3453 6139 8465
2229
120
4632
587
4752
4729
4773 7453
2201 6224 6283
3276 8281
1422
1767
5068
5128
3700 5470
119 6926 7195 8375
3083
3567 8287
4329
3772 6441
2220
152 5941 9654
1698
1126 6268 8129
1549 5281
1370 5209 9578
3215
167 7518
2696
135
2553
3633 6281
2430
2448 8002
4332
2556
3544
1723
529
4235
2516
744 9176
712 7001 8170
1753 8731
2141
3211 6289
2646
192
153
4011
2600
5059
1050
611 7889
2546
3858 6588
4359 6969
793 8852
867 8512
4715 6445
3460
4752 6364
774
4225
1108 6005
3849
1898
5167 5967 6591
3046 7969
4508
3374 5226 6842
2365
1935 6653 8348
4216 8397
4708
424
3754
4102
1632 9994
3716 5583
19
3247
1452 8766
1999 6778
5212
4355
746 5410
3831 6944
760 9790
2504
2690 6688 9485
2024 5701
198
4073 6213
5060
399 6683
617
2359 7266
4678 6662
84 7412
1063 7687 7978 9690
2282
999
4538 5670
2496
1238 6616
2271 6410 9847
4665 6129 6641
2451 8451 8558 9978
1931 5360 9257
5060 8985
4929
2389
2602 7280
1493 5642
843 5545
4833 9325
4058
4385 8555
2801 8034
3507
1745 8969
3204
2710 7193 9187
2650
65
2652 6984
4373
4422
3015 5848 6052
4207 8345
1921 6803
2035 9435
3804 6027
322
2729
1502
2261 6231
2303 9305
5166
334 7152
4162 6753
2394 8988
2349
609
1001
573
3823 5998 6619
898
4821
4980
4869
2058 6583
3612 8043
4400
2454
3352
1736 7918
318
4294 6086 9616
1371 7802
2350
1422 8277
2050 6473 8256
5111 8234
4978
4892 7830
4303
2839 5653
3796 7305 8789
1288
4593 9070 9287
3587
1825 7607
4503 6677
3174 5504
1572
2066
1626
1218
3581
5021 5738
4681
1357 7839
1689
214 5773
366
432
2663 6521 8521
4009 8301 8932
4720
3401 7905
2686
5042
3403 6657
2723
698 7844 8979
1622 5871
1510 6623 8615
1284
4144 8867
2175 7275 8146
2432
964
1488
1272
3986
1432
4685 5659 6241 7361
3062
388
4799
1488
524 6983
3495
2373
567 6590 9364 9515
4626
5251 7321
1382
1045
781
4849 7265
2871 5407 7880
3995
359
4958 6993
5087 7615
997
105
1491
657
2284 5731
1944
4107
3997 8790
1105 8573
3590 7629 7842
4553 8195 8911
174 9842
1362 6116 6678
1727
556
959
1464
2927 6945 7069
1432
4542 5980 7043
3383 9089
2149
3568 7124
4347
1624
415
3921
3902
1776
3876 9047
2340
3857
1745
3722
4955
2086 5811
2365 6868
5365 9844
4803
4766
5228
3606
587
2478
1106 9123
417
970 7127
3362
2235
700
348
4358
3176
2851 8166
4945 8750
491 6939
4439 6495 8090
2872 6084
1036
2396 6275 8324
4018
334 6728
2157
2972
1015
4398
466
1419 6035 7427
2117
474
267 8882
1766
303
1661
1756 6164
2966 6059
5040 9002
2139
2110 5569
889
517 5882 7924
3266 9411
675 5886
5094 6092
4136 5604
811
4609 7094 7418 9395
2267 5729
1354
1844 9873
4497 6646 7143
2908
3668
4605
3489
1908
2356
36
2327
914
5156
1352 6246 6354
1012
2664 7940
2202
2537
3613 6323
4103
752
339 8694
4255
4339 9637
322 8734 9121
3555
4840 9346
4728 6369
2608
1232 6472
3361 6928
1106 8740
1984
1230 6237
2402
4240
2162 5537 7040 7467
649
1266 7859
4112 6922
629
125
1850
1207
4101
2656 5987
5317
2980 5826 7038 9545
1327 7537 9764
4831
1493 7102
228
2610
1060
2875 5809 8336 9065
1282
2267 7809
3921 6311
5007
140
2374 5570
3500
1093
381 9363
4665
4989
3328 5796
4255
2558
1209
4006
4714 7201
4093 6704
2426
4340
3475
3697
335 8263
2818
5494 7614
4059
2533
1880
2385 5960 9203
2663
1817 8640
211 5805 9289
5257
2435
4964
362
972
1694
2808 7176
3462
673
2515
3864 5646
1111 6948 9035
2856
3135
4226
5047
23 5649
2468
3314 8975
604
680 8410
4100 7750
3925
1541 6790
5448
5518
2051
5074
2217
4251
5105 6527
2086 8538
2671
2075
1170 9303
4781 8753
5127
413 7742
5221
3903 6372 7754
1077 6604
4318
4278
4582 9401
2393 8333
2178 6081
1416
4810
1460 7556
2130 8726
1267 5741
1300 6629
2820
3498 7957
3863
1534
3855 6673
5095
1516
5454
4328 7340
4555 8257 8278
3335 6873
4152 9953
3384
3612
3335 6335 8384
2645
4201 6054 8211 8677
4307 8684
1047
4042 7007
4750
4109
483
1140
1300
2144
3427 8346
51
4010 7217
1315 9306
4177
4533 5711
4370
2556
3109
3039 7666
2868 5913 7656
5038 5655
3539
3166
5139 6550 7792
3969 7897
1210 8218
1701
2952 8796
5256
4217
3140
11
5555
1480
2957
5561
2807
4476 6180 9539
1062
5310
4385
5634 8579
3144 7194 8009
3926 9402 9850
4855 9114
5350 6682
245
192 7393
3404
3185
3990
1458
4911 8235
696
1759 6143
1129 9631
5245 7089 8315
1390
3589
1596
7
1952
4464
2266 5708
1684
3795
3808
362
1888
3013 6893
4025 7218
5137
2369
1099 9642
1620
1099 6021 6082 9600
3180
4113
3375 8092
4953
4895
4307 8663
746 8360
1280 8772
3202 6438 7906
2498
2178
5233
1959
3812 6959
2676
2528
2847 8168
3893 8531 9843
5677
861 7579
2060 8481
5628 9523
1166 6714
3607
1533
3608
503
3544
1842
8
4816 7048
4766 9501
453
675
4886 9101
4797
1398
4017
131
5457
579 7380 7875
5374
1461 6899 9518
2692
3943
2625
1714
18
5323
4734
4560 6455 8953
5595
1209 6815
3795 5883
4592
3570 7035
1685
4157
1854 9465 9668
349
1295
3685
4187
2599
1187 5938 6325
849
3497 5894 6525 6766 7704
497 8426
218
16
3794 7164
4967 6545
4609
479
2069
819
2765
1201 9993
3983
2775 6702 7086
3056 9582 9661
2691
2764
5327
1823
2386
4120 8148
3070
3028
4437
3000
4249
4210
2101 6717 7377
4498 6876
1544
3859 5981 9677
3949
3363
1905 6109
4786 6148
3655 7508
4758
4039
874
4653
5524
1399 6809
1198 7289 9512
2442
4874 6406
1597 6112
4553
2464 6481 6962
4365
5544 7677
1976
839 6706 9417
781
5512 6729
488
5405 9952
3041
2805 8096
1948
3979
4519
4327
1274
5086 9183
2890
2920
516
193 7378
45
4278 8828
5505
51 9708
323 9266
2895
2686
3629 6609 8006 9056
4566 9044
2726 6412 6448 8482
795
3283
3591
4320
2077 6565
5058
4802 8808
3180
2712 6940
543
3817
1918 7306 8298
1473
91 7870
5271
1022 7885
5057
4065
781
5104 8986
3557 6680
4132
3811 7169
1161 6049
1458
2389
4948
942
4792 6073 9293
3318
3808 7814 8452
1053
229 6903 8922 9393
3289
194
4231
749
5339
1719 9159 9181
3851 7787 8805 9253
3669 7998
2994
36
4928
896
1090
3899
1010 7715
5450
5743
3618 7014
2003 6449
5452 9430
4800 5985 8886
4070
2100
3881
4122 6722
3084
2018
5756 8520 9573
5047 7654
543 6601
2757
2713 9609
3335 9618
5053 8243
52 8290 8834
3141 6262 6649
4335 6344
2598
1165
4442 9982
1556
2012 6681
3968
3766 6149 6572
1915
196
5633
3450
123 8381
857
1580
4693 6061
2210
2006 7901
3051
570
659 9192
2563
4251 8973
1041 9370
2870
3771 7121
842 9727
846 8433
4528 7052 9476
3006
120
309
4425
4354
2817
5754
299 7484 9755
1165 9878
5163 7422
418 6377
1995
182
3253
598
3291
4634
1272 6937
4607 6008
39 6356 8557
361 8125
3486
1127
724
2032
3321 9872
363 6890
1449 6135
5541 6214
549
4947 6485
1567
4702
3911
4222
5209
2894 6255
2340 8597
2527
4631 8023
2447 6913
2263 7584
2475 8661
5138
3502
22 7721
1603
4686
5389 8050 8628
5786
792
2688
1348
5887 6602
2962
5503 9177 9980
391
4292
1637 8759
780
2245 9643
4495 6685
1563
4187
4499
1943
5289
4027
4845
2194
612 7570
2337 9196
313
5206
5119 6482 7223
1293 9558
5950
1699
3691
836 9858
4425 6812 7447 9596
1617
3386 7602
2541 7593 9026
3122
3787
1689 7871
3757
2199 9804 9903
5689 9248
1443
5074
3830 8824
1474 7293 8978
4532 7555
5275
4054 8437 9888
4339
356
3279
2054
3863 6376
217 8048 9821
5437
2044
3704
1772
2297 7016
4256
2396
2367
4298
3155 7162
1283
4148 7753
3937 7359
3829 7482
5857
3344 6373 8727
640
5271
2396 8568
5613
1244
2851
4762
2158
5445
2588
5918 8131
1584
413
2960 7812
677 6524
4927
2770 8506
1014 7454
3391
2483 6492 9084
4759
4715 7430
5862
3880 6642
4258
4096
4172
4305
2856 6320
1702
5590
5689
962
5427 6727 7797
756
5301
263
1246
2110
5087 9683
4417 9406
5453
3255 7148
1682
953 9470
2509
2785 8112
4165 7893
4807
2237
3423 9889
4239 6245 6526
2553 6432 8208
729 7103
3470
1931 7196
3592
1769 7273
5789 9448
3874 6668 7585
1424
5801 7738
479
1269 6117 7823 8113 9956
4271
5382
6114 6779
1433
971 6865 7095
974 6254
2688 8172
266 8014 9828
1632
411
4519 9975
4125 9559
4238 6694
3156 6134
5249 8459
4070
2246 8826
2259 9450
1219
6128
5959
4213 7831
201 7995 8594
375
5142
2446
4120
1721
5668
1450
1844
1253
4282
5790
5910
1213
4674
1499
1444
4820 6440
1532 7392
4309
1740
1663
2742
5010
1027
1594
4679
5444 8334
2308
4741
1267 6264
1789
1906
3920
1344 7311
2977
4407
1733
2508 8483
2739 8747
2616 6600
944
4157
5651
1378
1319
3610 8079 9198
4525 9728
5102
4044 6644 6847 9681
1608
5130
2718
3759
3681 6205
1056
3468
3489 7980
1819 9368
4869
1005
806 8526
4716
2144 8583
3838 9910
1214 7272 8044
4815
4516
6191 6732
3084
1131
2491 8304
217 6266 8941
3395 6605
692 8332
2406
5235 9502
5960 7081
2294
3313
2609
3223 6577 8876
438 9148
880 9093
4176 6810 9236
3101
4388
5150 6631
4290 7461
2916
2982 7122 7673
908 6491 6498
2395
453 7288
5279 8461
787
1557
885 8255 9895
1930
3699 7561
5491
77 7837 9170
3366
27
5350
3693
4144
508
6102 6965
5471
3114 9272
828
1387
2388 7056
735 6518 7634 7645
2029 9328
260 6512 6772
6120 6603 9535
5968
2170 6287
5077
2466
4719
4165 7685
4828 7628
5902
3982 6363
6167
4420
6209
2998 8810
5165
248
1687 7109 8638
1708
823
101
1184
5429
2219 6418
2958
4428
3336
5007
5173 9931
3009
5150
4910
4415
1180 9972
6256
4644 7868 7952 8540
5187 7167 9671
2741
4332
665
1293 6484
1687
4734 8899
4819 7559
636 8649
3177
101
1278 6769
1121
594 9829
3391
4700
1224
4795
1459
4707 7186
4673
5139
5515
4126
3732
2003
1626 6886
2925 9479
4836
3440
2941
6079
899 9848
4701 7692 8192
5476
1428
5754
1985 9048
892 6366
1170 6658
296
1567
2743 7031 7630
247
5133
496
5611
3651
3212
4980
706
505
1444
3324
790
5903
4969 8933
3489 8394
943 7670
4085
1739 7274 8815
3274
1686
1311
2538 8614
5471
2268
5951
3545
2640 9519
5035 9091
3197
2172 7184
4157 8077
6263
5203
4677
6327 8239
2173 6719
263
5485 8806 9200
3458
2157 6523
5584
6050
1679 8197
4803
6033 7451
5942
948
1524
2580 8968
1218 7238 7374 7896
671 7002
165 8047
1159
2265
4787
1011 8819
976
5061 7490 9521
853
2540 8012 8372
2571
4133
3069
4653
4153
816 7434
4760
1315 8219
1163 9309
4643 6468 7886 9434 9726
2234
2244 8746
571
4605 9296
5800
243
5109 7491 8534
2746
5248 7078 9333
2047 7706 9016
5833
1670
2811
4197 7168
2958 9478
1556
6276
1372
2067 6781
4507
1740 8107
3427
1447 8497
2023
624
442
1314 7613 9486
4607
1630 6671
2596
6103
4460
2546 6905 7385 8561 8865
3374
3263
3286
5698 6742
1189 9662
6154
5161 8974
138 8672
1732
3706
5201 8456
2794 7381
2294
5833
5885 7500 9277
539
1780
3970
2608 7270
684
5740 6845 9803
1558
1179 6979
3520 9525
3259 9791 9795
1216 8276
1638
899 7417
3537
4867
1551 7604
2275
2852 9252
6401
495
4098
4982
5487
5305
2101
1135
4709
1673
2517 9966
2823 7054
2299 6514
5803
6006
4338 6973
6293 7700
5962
932
3368 8355
4164
4567
4693
6228 7833
6070
2036
2718 9812
5426
2568 6737
691
6228
2639
1911
2293 7240 7938
408 7452
1111
2878 8847
1072 6632
987 9987
3182
2303
2670
2640
1439
6253
2756 6567
6480 8658 8787
4146 8042
1199
4372
6251
1312
5017
5330 9211
1688 6763
6371
6065 6782
5756
6102
5575
436
4831
4794
4807
1492
3203
1835
722
427
1364 7033
534
2894 7284 7652 7799
5005
915
1874
2692 7362
1503
5761
1817 7716
911
4572
3768 8083 9736
5637
3065
1165
4430
4508
1209
4722
3326 7718
4849 7065
3277
5030 7327 7586 8141
4929 8995
2229 8033
769
738
5838
2091 7729
6513
97
4604 6687
3582 6656 7772
2926
5910 8715
4461 6783
2847 8923 9610
4735
3587
6218
4076 7557
2347
2534
2552 7668
5000 6739
5294
1949
3018
939
3066
5197 7407
2324 9057
5358 6994 9018
5209 8203 9097 9614
1274 9879
108
3862
1801 8635
4810
4596
2173 8971
1950 7165
6177 7113
5896 9323
5985 9759
6254
5585
6210
3478
3420
3509
5831 8678
791 9229
554 7820 9645
1664
1103 9691
2436 6956
2717 7725
5247
4586
4394
5289
3300 8980
1853
5005
5340 7638
1258
2502
5036 6765
3250 8878
2230 8026
5596
4876
6224 8182
6505
4419
4660 7075
4571 9744
2757
2631
4539
1609 6693
4502 7337
5249
6074 9965
3095
6186
4460
5460
1899
607
5902
1971 7030
1273
2675
5214
3381
361 8646 8799
6570 9869
5336
6328 7747
1826 6715 7308
3189 7443 9214
4288 7141
5240
3337 7046
3005
1041
718 8764
3008
6110
3372
1585
6430
395
5601 8480
3432
3925 8016 8508 9116
871 7722 7884
5316
5382 7084 9721
1799
5854 7244
5908
5659
5237
3748 6775 8984
5993
1771 9724
6569
5232 7678 7691
4586
2878
2164
1295 9414
6639 6978
6127
4278
4279
246
3300
3372
3624 7140
4529
5769 8082
3303
5530
3093
5807
4793
3030 9890
3638 9718
2742
1906
4041 9163
4915
5712
6659
603
5783
435 7517 8190
6367
622
4702
5891
1350 8586
755
1477
3486
6084
5431 8565
5809
4584
2092
6205 7229
4721
2494
2900
3138 7751
6496
4094
6582
4089 7353
1987 9594
6438
4267
4230 7845
2360
2858
2385 9549
4765
363 7257
1087 7911 8380
1437
1489
5283
768 7795 8220
3898
4540
3623
3126
1465 7971
2626 8889
183
2507
6522
2532
6626
5756
371 7937
1164
6300 8193 9665
1122 8185
819
6253
841
4486
6684
542 7042
2194
5225
6117
1586
6420
6524
6573
1793
90
3345
1362
2179
2392
5568 9194 9568
645
1749 7933
4907
2130 9153
150 9832
4002
2702 7404
2159
4797
4793 9851
2081 7190
4283
5273 8063
4148
4984 7794
1142
4324
2446
5797
6221
325
6012
2239 6902 8836
3561 8143
5742
3591
2574
4747
3049 7402
1257
858
2699 9218
2313
2519
142
2400
3501
4913
469
4357
369
2077
1883
2050
4552
1006
3100
4999 8776 8926
1527 9222 9492
5000 7020 8795 9235 9590
690
5212 9934
578 6964 8439
1487
6455
294 9629
6186
4019
1733
895
85 9313
1305 7917
4276
2291
4859 7495
3443
1138
2923
752
448
2692
1603 6863 9213
6862 7888
2590
6119
4613
386
5406 6943
1214
1407
4966 8313
3143
5607 9407
1114 8447 8965
1975
5784
4528 9940
1147
4646 8225 9105
4876
4539
2653
2797
119
293
6315
840 9224
1087
3340
5958
3751
5001
5683
1007
3343
3914 7572
4515
844
5732
2950
1008
6813
5866
65
6434
4591 8200
167
3497 7648
2794 8191 8620 9538
2879
3776 9926
2042
5972
3159 9438 9715
4897
4157 9919
2378
232
3714
4750
939 9372
5497
3444 7641
1142 7291
2065
5157
3761 9029
5488 7282 9589
1591
1684
2751
1439
3338 8136
2573 6989 8485
2628
840
5949
4706 8104
5425
5842
5014 9633
4019
6868
5229
5387
1440
2223 9043
5556
1483
1017 8542
3532 8169
691 8212 8232
4473 9641
4733
3380
6614
588 7300
2370
5703
253 8349
4071
5803
4621
6843 9992
6245 9286
3073
2634 8501
4947 8705
5198
2286 9100
3167 9169
4669
6483 8302
1930
2523
4442 8720
3745
6693 9699
6457
1772
2964
1201
5355
5268 7527
255
142
1970 9639 9648
1821
6934 9599
3533
3611 8292
3109 8725
5368
6590
1127 8177
2689
937
1873
1635
3325
5184
6382
3707 7528
1471
3357
3330 7951
5616
3715
502
5017
4101
558 9096
4165 8045
5884
4278
6039 9452
453 8464
4442
3914
6840
5111 8259
4497
2472 8609
3199
707
4935
171
971
2976
6650
6331
2189
6537
3153
5745 7499
5
3599
5505
2247
5494
2138
6776
5389
4272
836
6663
1414
5720
1988 8144 8602
1313
2705
5931
1492
6479 9836
3009
6250 8484
1784
1259
4967
4744 9031
1060 7744
2435
528
4950 9188
6558
4912
3136 8217
3244 8849
5387
5081 7318
354 8364
4104
1323
4596
6634
739 8353
2512
6410
1892 8655
1797 9444
6214 9818
4509
3902
6678 8570
394
5769 8670
4169
548
5670
2174
3065 9051
642
3758
5456 7735
6119
1404
1480
3786
1401 8514
4052
2421
5508
6104
2577 7970 9743
5010
385
4569
3044
6270
122
1661
2604
6600
2061
1855
2286
1684
4300
1677
677 9784
5928 8650
6227 8476
2147
5392
2538
344 8039
5416 8515
508
1635 7295
5013
2024
1916
3461
2134
1178
2572
5037 8429
1982
5107
6700
6661
2971
5460
957
3953
3996
3698 7605 8268
6093
1877
2071
357
5282
1234 9443
3450
2667
251
1584
79
1865
1142 7680
1886 8724
6044
832
5760 7541
6599
459
6289
6415 7960
5856
1363 8825
431
1475
385
70
782
5551
51
5030
4745
997
4724
4015
4392 8794
6361 7236 9369
1586
6308
4522
4320
1881
6801
2312
4740
5265
5656
5157
6106 8530
3174 7493
1705
330
394
5529
4821 9014
830 8931
1570
3863
799
2278
2239 7703
677
3179
707
2307 7695
4817
2847
4589
2494
5625
5684
3939 8854
3743
1048
4165
6006
1573
994 9461
4099
4083 7398 9705
444 9601
6732
1981
595
3169 9408
3159 9679
4309 8037
22
7184 8463
868
6381
1002 8017
6501
262 7472
903
2034
6680
1784
4482
3860
2621
674
2801
213
4411 9835
3535
3671
3244 9427
2346
6749 8645 8737
282 7577
3881
4822
851
4761
3738
3858
5364 9069
5239
3097 9102
622
1593 7894
6453
4572 8939 9864
6202
6108
6349 8419
5343
3567 8222
2517 8870
980
5124
5255 9551
157 8288
6928
940 7953
6539
436
495 7436
5070
6230 7302 8359
5798
1228
6924 8851
1816
6025 8432
639 7590
7129
962
4897
1568
1505 7730 9789
6957 7876
2878
7288
4481
3918
5311
5845 7595 7675
4832
6659
3834 9529
1953
6171
1905
3726
2698
1267
3170
3071 7504
7070
3654
3445
5360 7651
2418
2618
1175
4224
4275
6560 7921 8120
3420
2456
560
4216
3184
3031
3945
2691 7762
1884 7647
6640
975 8054
2316
5605 7777
1826
2767 7941
164
418
1283
1438
829 9685
931
530
433
1237 7866
3660
6740
943 9442
2235 7746
19
846
1167
6047
3106
5350
6543
3784
2012
4548
4651
3176 8748
2885
334
5051
4819
4359 7661 7727
2834
6381
4803
3222
5783
5823 7546
1322
5730
6446
2715 8067
2619
4328
6434
3248
3805
34
1958 8388
4223
3203
6155
5661
1016
1588
2959
3326
7227
4282
1811
2242
6819
1104
6797
4026 8809
4262
6588
4960 8807 9389
744
3274
1468
5241
1791 8374
2750
1279
3103
6462 7686 8566
5456
2342
2476 9431
2553 8035
5941 9276
3469
1845
3077
3646
5437
79
4871
6072
4084
4604
3091
6397 7498
3850
7286 7813
3283
4581
5096 8370 8745
482
1655
1972 7458
6660
4924 8860
4815 9491
3154
6012
3265
617 9510
1395 7665
6376
6502 8102 9040
5149 8779
6068
2893 7601
1888 8440
4978
7442
1750
2721
6225
1868
5007
3824
2016
4782 8548
5494 8369 8919
558
4712 8848
1131
2396
7241
2499
947
3650 8450
3340
877
4061
2074 9232
1204
3796
6048
3804
5939
2283
3557
3348
2153
507
6389
6408
1883
7197
4995
6855
3404
2658
7434
7035
6449
1827
3372
5035
7317
1834
1655
3129 8442 9180
5791 9704
1557 8606
2251
2292
222
844 9575
3536
505
1655
6718
5169 8264
3052
5024
4267
4271
2794 9971
2578
4000
3953
6984
7003
1587
4076 7766
3043
2643
1750 9291
1340
2069 9240
5127
5506
5139
4798
4027 9134
7164
4978
4394
4226
2448
7378
2015 8954 9216
3951
982
955
1786
3034
317 8320
2201 7655
6026
5593
6578
665
6296
52
6236
1468
4031 9613
2142
3320 9659
4639
4222
1472 8270
2836
6002 8024
2175
6896
304
517
2750
4500 9547
7258
3754 9781
5709
1435 7594
377
3283 7785
4015
5973
6110
6560
2731 7767
3847
1505
7294
4604
3192
6015
7580
7306
3863
1916
3728 8460
2813
507 8430
7455
6014
1936
6465
7147
2525
5315
3220
3823 8832
4033
3027 8379
398 7619
6428
5537
5369
978
252
316
7612
3904
4133 7913
5006 8596
676 8775
4930
690 8739
611
1222
6261 7713
5379
6331
2053
2937
2652 8683
6251
2023 9340
4836
1668
6623 9415
1777
1411
6923
2183
2905
3386 8468
6251
3658
7336
6908
4791
2711
7321
6539 8858
1201
5895
7554
5633 8567
1966 7740
2893 8271
2049 8842 9007
2563
7372
3116
4703
3897
7450 9167
5632
1397
6581
4024
6347 8633
816 7786
1581
6227 7857 9342
4479
7306
4436 8188
5805
6688
2071
7160
3267
74
2816
2466
6260
7417
5242
4329
2853
3671 9673
6688 9767
6322 8839
3282
4076
7212 8914
828 7770
3603 8056 9948
4845 7745
3982
6484
4640
593
7208
5756 9927
1160
6411
1712
3727
4686
1511 8623
2866
3112
7628 8133
4828 7760
5881
6546
4361
6557 9311
3583
5067
5977
6676
666
4623
6615 8361 8622
333
7372 9049
4342
6566 8393
7299
938
4732
36
3778
7094 9923
4947
4458
6112
3724
7657
3587
5582
4664 8864
7061
7698
7355
6658 7863
3059
3359 7973 9179
5566
6736 9739
1483
6046
5584
2587
1568
4435
957
2339
7714
5003
7335 7982
2333
657 9241
3870
7530
7587
345
829
7696 9322
2693 9112
6570 8187 9973
366
1042
1876
2272
7340
2630
1436
4353
2328 8696 9147
2450
1669
3785
7582
7671
5873
1055
2563
4981
4565
5637
4029
6805
6754
4024 7934 9008 9258
6084
1782
6539
4821
4268 9394
5302
3278
4002
1304 8018
3050 8576
2009 9941
1745
5514
510
386
6064
7436
5864
288
2908
587 8417
794
3510
6611
5102
4111
6114 7853
2948
3933 8634
798
3459
349
764
5308 8214
6136
4475
6491
4468
3090 8791
1844
6238
3591 9841
5325
4997
2286
5379
4968
5338 8076
6744 9191
2139
4290
2086
1024
4651
4745
4051
7823
2030
2850
904
7673 7919
1803
5496
4022
1718 8692
2582
7747
3502
166
7351 9189
5118 9400
6288
2774
5847
6018
4511
3887
3266 7895
5730
7300
2479
1223
969
5365
3612
1963
822
6676
5849
6401
644
6863
5195
488
2503
3479
6098 9694
7269
7874
6381 9905
5638 9156 9475
3041
4830
2043
5920
4805
413
1040
5333
5698
1795 9193
4343
551
3888
6750 9365
2270
7621
4084 7988 9080
2136
531
6852
5299
7857
4237
7327 8253 8347
4751
2676
5450
2282 8991
2832
3846 8722
3303
4849 9107
4761
946 8890
560 8920
6792
7796
3488
2844 8560
6767
6501
907
5473
7342
1605
2640
3577 8906
3444
782 8781
4571
473
1738
4525
7006
6288 9746
7283
1180 8902
228 7965
4487
5598 9314
2050
4370
7168
695
185
4731 9554
447
7955
1823
1022
2182 8139 9060
5210
7104
6759
2881
7749
3606
3233
4493 9604
1160 9428 9526
5242
3254 8884
6194
2878
7762
3800
3394
3006
3748 9857
502
7914
4555
1861
3796 9225
3859
4279
3 8449 9826
6137
2121
2959
5874
3730
2428
1405
5175 8155
4667
283
4733
5831
2177
4105
5656
4794
876
6391
1813 9498
6122 8038
2638
6675
7239
7805
3963
3800
58
685
5971
7570 9122
4655
6628
158
3698
4867 9625
85
2977
5096
6562
5261
7421
3299
7234
8014
7126
2033 8545 9184
2988
6515 8245
5295
6202
7013
2760
6383
6034 9004
1353
5980
1537
1
3006
7338
4258
7697 9696
2317
3981
4710
25
668
2631
6803 8970
1577
2716
4599
7382 8488
3075
3782 9098
121
2982
1730
3911
2928
1386
7844
6362
431
6183
723
4174
6702
6549
1947
777
1419
1943
714
1024
5426
3751
5692
1270
3251
4209
5813
4911
4377
1614 9421
1834
3006 8904 9548
7452 8111
2040
6938
1669
3264
6422 8404
1104
229
85
8102
6097
6114
5060
4274
1909
2192
4604
1810
7327 8323 9141
4468 8833 9871
547
2434
2114
5952
3372
672
1303
5165 9584
4037
6061
3179
7713
2274
1935
6933
1525
5024 8662
7968
4547 9300
6560
3147
6814
7049
4775
5343 9636
10
5776 8250 8425
3873
4594
2880
259
2930
4510
8002
3186
180 8937
1151 8322
219
3836
4461 8841
4737 8503
2614
4373
1382
5423
1131
5706
6951
5184
4604
6121
103 8390
3259
5077
1241
6995
3086
3936
3544
2140
6631
5058 9942
1619
6770
1112
7772 8248
7676
3738
6718
6909
6322
6769
2904
5380 9658
3529 8618
6374
2605
3953
6906
4244 9299
2648
6591
3061
2187 8869
2408
4248
6103
2641
3559
5613
6952
586
7830
1791
2954
7067 9621
5639
6399 8891
6754 9676
3701
7276
4481 8546
750
6879
954
994
4050 8366
2719
1186
260
6952
4996
5306
5666
1791
4452 9042
3430
6366
2853 9152
1720
306
5900
1843
8042
2000
4035
8187
5085
8148
893
2662
7921
4200
6234
5305
5606
3839 9928
7021
1610 9032
2733
772
5535
7518
4221
1792 9020 9630
961
7147
1941 8959
7568
7658
1294 9845
2566
127
218
6460
5304
5606
3446
2874
5151 8667
5040
371
2736
3862
2814
5159
7281
3075
5901
62
6991
1160 8479
822
3377
680
4862 9657
5845
3333
665
5331
6973
4269
6208 9054 9197
318 9419
789
5079 9740
3850 8990
326
1563
3818
3844 9546
6871
4051
5670
919
448
2087 9318
208
7553
890
8158
8120
5429
1336
1374 9876
2632
3937
1399
3477 9045
4940
6211
5589
6164
993 8687
5512
647 9660
2548
3352 9763
4688
478
2676
532
4978
5272 9053
5623
7921 9329
5214
6960 8564
3340
4930
233
7076
557
6487 8588
2545
1854 8486 8525
4833
7288
5696
7725
2381
853
7071
2851
8228
4248
116
7467
7439
4720
6391
4432
7413
5157
691 8709
1739
5084
7611
6750
5915
250
3126
5611
5019
3932
2023
7389
2627
8173
2334
2035
7729
6346 9185
4536
146
5215
253
3656
4527
3096
4381
1471
8107
3758 9577
1324
3812
1984
4967
5565
4439
3255
957
1828
4257
3800
7817
2180
7274
780
2785 9506
2011
4977
2468
8148
5757
3197 9801
2901
7137
7600
2393
7293
5930
2631
3029 9360
2036
6028
4066
6843
7456 9778
4734 8533
7507
4087
3960
600
1773
6874
237
7994 9335
7475
5250 8616
5864
4821
4925
2533
6445
1683
1910
6129
7598 9467
6231
3371 8467
7236
7017
5142 9493
3829
8462
7644
2930
7 9534
3370 9798
3886 8619
4323 9802
3253
4474
7122
1244
2739
8293 8585 9125
6673
5710
5833 8701
6175
7056
6934 8536
8357
485
8067 9439
3511
2934
1575
4716
1829
2578
2139 9150
3845 8595
6424
4445 9701
3561
1482
6967
115
8162
2428
1015 8830
6067
3884
6675
1410
3158
2463
5200
1117
7099
7127
2105
2811
1154
2048
5894
5330
902
585
4714 8712
8357
6198
1398
1090
2318
7196
5707
4911
8441
6408 8554
3816 9351
8485 9359
565
5576
1214
6288
1517
6950
2440
724
8040
8223
478 9095
7466 9837
2830
3460
1917 9887
2274
1738
8534
5260
1339
5951
5250
2877
7936
6434
4852
3355
8349 9562
6728
7417
7656
6053
5069
7084
3256
1262
5378
2299
2253
7806
2731
4328 9788
5655
2809
223
850
6200
3028
8479
6723
3289
8355
309
538
3099
3677
69
6137
8496
7622 9514 9787
5969
2227
5128
2444
1115
7049
158
2359
1447
7509
2545
4026
7023
3390
4039
4303
4739
6353
5340
8451
2855
8196
8472
6909
2002
7725
7710 9001
3261 9279
731
5015
2960
5980
4213
1470
578
2758
7670
7825
6595 9709 9810
4444
2254 9000
6270
333
5543
4055
4715
246
4913
7257
6655
1736
4056
6297
7121 8707
4902
1099
3389
224
7079
3000
4933
6514
711
3016
5974 8918
8138
5695 9238
657
2224
1207
8281
2028
457
7086
1583 9381 9424
6442
4986
292
4457
1039
5613
6609 9655
848
3982
954
4846
7633
5614
3359 9425
763
8335
226 9920
4684 9997
4467
4082
7861
3766
5479
25
7781
4866
1102
3045 9079
2466
8482
823
4590
4816
6968
3716
8650
4379
8376
545
951
8524
638
459
6572
2159
3700 9819
4572
4309
6976
1027
7927
748
7161
6992
5594 9968
6050
1783
1589
4961
5185
1459 9853
4288
5482
3405
982
7257
2959
7625
5489
539
818
648
3736
7439 9119
6403
6176
7367
1755
5424
3359
742
5580
1861
708
1671
1719
168
5990 8769
2817
2387
2555
3065
6666 8797
2024
5224
1426
2308
8759
2777
21 9371
5697
2076 9565
4290
7623
6838
3149
3891
7453 9221
3301
7946
287
1526
420
363
1066 9481
6514
4222
5311
5377
7835
4130
4059
7183
6840
5641
8764
721
6655
2542
4523
4172
1013 9566
5010
5873
6369
7408
5840
7405
6267
3956
2777
1981
138
6349
2079
4393 9059
4187
6387 9226
3021
3407
198
3242
6024
7170
6131
4122
5825
521
8505
1760
7609
8121
5901
3730 9969
6813
2451
2975 9164
7692
4227
8161
7659 9128
2605
2903
425
4586
6504
7469
7068
1647
7291
5199
784
7219
1724
2191
2921
7652
750
7444
1848
609
2269
7743
6434
465
5342
1286
8205
7277
622 9807
694
940
4422
3505
6218
4275
6627
4050
180
3498
5440
4259
7979 8994
3294
5887
4813
283
6760
7931
8219 9856
2693
2828
944
2913
3849
4818 9477
2305
6295
1087
474
7954
4984 9483
8101
4671
7944
2437
2434
4822
4816
5380 9209
4575
1793
7695
1266
1328
2794
8661
7467 9908
7932
3881
5866
6574
4276
4129
6838
3187
3049
4613 9230
819
7203
5331
6345
2813
4964
3688
8157
1988
7271
2094
6209
1203
1018
3549
2925
1939
2129
394
2423
3239
4981
4717 9104
5740
7547
4809
4538
1467
1938
8269
4146
434
3580
4620 9482
2142
6874
4951 9737
4278
6380 9859
5263 9735
8063
6598
3644
5925 9868
6441 9337
5563
4031
4780
6025 9436 9457
5338
6620
5056
2068
5075
6684 9207
5252
5853
2245
5284
5066
8308
7925
1747
64
8884
6561
1100 9344
4178
1694
3697
8637
8623
5446
3638 9036
8048
4847
230 9786
7659
7796
4011
1328
1105
4160
4118
7202
1479
6411
3213
6590
4425
8266 9650
2941
4430
2874
3759
3965
6015
2358
2461
6927
3767
7060
8260
976
3845
5556
9003
2454 9255
4349
2137
7452
1715
8237
6947
5832
8330
887
5399
6326
7727
3084 9805
7091
4161
8345
8304
4379
5831
6589
316
8817
7968
1890
1526 9517
1128
4924
5512
171
4961
3205
7265
5313
411
1607
850
807
12
1704
4614
3325
8699
7914
858
2119
2483
6070
4893
5108
174
783
5390
3276
6359
2589
6220
2619
8547
7012
6591
8069
3895
6970 9124
5724 9530
7267
3488
8952
6879
218
7929
3615
274
1348
875
7771
3681
5658
3636
6675
1143
581
8745 9962
353
5482
8024
5414
9100
8479
217
3661
8842
1708
4779 9587 9742
2754
4836
2298
7540
4707
17
4102
1235
3398
1923
8120
3361
4971
3979
775
2732
7781
6219
2338
8495
217
8240
6794
2162
1123
7897
4560
3392
5872
2989
3404
5140
6712
8838
4145
4354
7665
616
6971
6238
3647
1356
2456
656
3606
5183
5987
2645
7749
7507
5872
4250
5819
8040
8394
4912
5265
7064
7866
3096
7845
5923
7907
6790
1690
6003
8304
6183
1404
6369
3556 9580
680
5541
2884
3985
152
8984
2593
8911
514
6521 9384
3269
6862
6660
4338 9379
7547
3073
6822
1875
4222 9302
8779
6839
897 9410
6887
7991
8819 9870
5072
4354
6610
8929
4024
7479 9268
3350
2286
6840
6221
4812
8663
3344
7535
7764
4693
3350
4963
4414
4574
1344
6021
2549
3970
1363
6467
5873
305
9037
3439
5251
7796
3537
1180
3516
2629
1117
5006
398
5828
398
9232
404
606
3056
6247
1952
2913 9846
1040
7422
6449
873
8624
1394
1719
3776
488
150
1762
6965
5313
2770
5544
2556
7533
4583
5862
4087
187
6405
2336
787
8201
8140
3356
9220
5579
4852
5280
5626
4733
2382
6400
4714
7718
444
6851
7957
1748
2927
903
8318
2844
4445
1373
7770
6601
5129
5258
4292
1547
6252
8347
1860
1223
620
6410
751
8449
234
8974
3060
2793
7635
4149
7673
1495
8996
1556
5484
1436
4674
2506
3155
8535
2021
4431
447
1503
1962
3024
138
8536
8435
4770
1723
5521
5358
7911
4186
268
6195
7184
5926 9720
8771
6921
373 9391
2378 9620
1560
1159
1086
3236
9215
910
8671 9961
1997
1120
9211
4866
3940
2474
1929
7408
513
9373
3209
5866
7801
5456
2491
292
2460
2165
7867 9820
5588
5657
1907
2961
4271
6091
6873
7232
4713
9223
5451
491
1694
6692
7638
3757
5807
1197
8305 9703
4388
8099
4358
3495
8671 9799
8685
3044
7255
7977
4830 9666
5886
7420
4861
2380
6401
5274
8978
5112
6914
8488
4847
1806
7354
7153
7080
431
2974
3727
6109
872
6132
4970
7016
4919
5075 9463
1716
4366
8978
576
2208
3445
7225
4246 9640
9454
970
5748
516
8460
1879
2973
6095
800
1431
4003
2358
7897
5931
8897
6416
6316
3527
8786
8963
8903
4925
5232
6428
3559
1451
2025
4760
7445
6839
8465 9687
1795
1512
4225
1072
8013
4462
4939
5721
6213 9766
3249
2914
3230
8421
2956
1407
2772
7449
5101
5798
3891
8596
5358
671
9062
5732
6358 9977
5067
6389
3220
5711
1184 9543
6458
7977
3155
4455
7309
9101
3372
2334
2054
8470
6254
2792
2398
6909
5651
1644
2793
150
9524
3439
5505
8312
7576
8101
6747
3967
7280
4502
3881
7963 9988
367
4930
2147
6007
6126
2983
2110
8564
2500
4335
8773
8803
3570
6790
3691
2803
2837
3049
5894
3855
7513
2125
8405
5167
4714
9201
1969
5770
3831
8129
2596 9702
1196
9130
1812
6928
6840
3873
4937
1639
6741
2920
6012
2685
1218
6989
5689
7228
927
1938
7976
123
3661
1328
3882
5898
6574
3580
4970
7563
6591
1239
5301
428
5899
2450
9374
8217
2297
3944
2954
8029
2507
3251
1172
6846 9995
8266
5669
1693
6941
1008 9695
3918
8146
5481
2790
6987
9462
6953 9916
5687
5992
1094
6611
3729
2197
6987 9770
3394
9020
2863
1474
1494
5163
8678
1152
8297
8195
7565
8337
5770
6439
4348
1635
6769 9896
9429
600
5748
3957
3203
6289
4691
7690
3274
3125
8220
5786
1066
7233
3252
6186
1238
6090
2023
7347
4304
9493
1779
32 9761
5242
6613
2227
1692
7893
9634
8056
3484
488
6978
3005
8498
9585
9419
7508
7227
885
4516
5827
8635
3385
3830
4065
860
223
6914
794
3978
6709
2033
9370
6678
3630
1180
6686
1332
6401
5929
6184
3277 9933
4063
1834
477
3285
920
8969 9751
6549
8966
4213
7751 9780
8307
1811
9130
7104
6635
4555
7952
2100
1810
3950
839
9735
3799
1905
1155
5939
4895
721
2676
6602
2905
9689
4577
8339
5506
1477
9502
7691
529
1788
9648
3659
2576
920
4326
832
710
4484
8440
1504
9739
7578
919
3648
7120
347
9006
8596
8578
7299 9814
5230
6459
4383
4563
2693
6459
1043
4080
8471
9424
2784
8427
8473
6455
6020
9050
1163
8871
3884
563
8635
103
6494
1229
9789
521
2530
3639
7081 9860
8717
9400
6034
2709
869
2898
4896
7994
1179
6122
6302
321
2005
6795
4428
19
7252
7054
8548
2470 9877
4674
4667
7838
5381
5707
5407
8272
9274
5248
6321
3546
5657
6800
219
8732
3717
4640
8891
7986
6011
8968
9818
2236
641
1070
7271
206
3511
1376
8973
6656
9226
8121
5957
5459
1912
797
8326
9838
5940
6592
3970
1933
3873
1282
2034
2231
3087 9909
8551
6028
6101
6708
2240 9943
3276
956
1704
6234
9665
3157
1618
1621
1127
4060
3561
6020
4200
7896
2683
2373
8919
9886
6201
4276
406
4687
1121
2567
9641
3835
2600
6916
8688
4901
4041
7735
1862
3233
6911
7704
8258
1237
1739
6281
901
9729
6842
4266 9967
3321
5067
4910
3715
6877
7807
8183
9891
2823
3620
563
96
7697
987
4523
2784
5811
5608
117
2630
6114
3526
23
1176
3119
9381
9119
2617
4479
6642
6478
9935
8726
8835
249
7523
6286
7772
947
6125
1761
9519
5250
1305
5987
1682
5906
2362
2778
4316
5131
6506
9554
318
3798
119
6964
5767
5220
9629
1673
8689
3199
4258
5138
